0.000000000000000000e+00 0.000000000000000000e+00
1.000000014901161194e-01 2.138644084334373474e-02
2.000000029802322388e-01 4.311126470565795898e-02
3.000000119209289551e-01 6.542217731475830078e-02
4.000000059604644775e-01 8.849571645259857178e-02
5.000000000000000000e-01 1.124609261751174927e-01
6.000000238418579102e-01 1.374241262674331665e-01
6.999999880790710449e-01 1.634359210729598999e-01
8.000000119209289551e-01 1.905664801597595215e-01
8.999999761581420898e-01 2.188597172498703003e-01
1.000000000000000000e+00 2.483504265546798706e-01
