0.000000000000000000e+00 0.000000000000000000e+00
1.592759974300861359e-03 5.166783928871154785e-02
3.185519948601722717e-03 1.032996848225593567e-01
4.778279922902584076e-03 1.548601537942886353e-01
6.371039897203445435e-03 2.063140571117401123e-01
7.963799871504306793e-03 2.576264739036560059e-01
9.556559845805168152e-03 3.087626993656158447e-01
1.114931982010602951e-02 3.596883714199066162e-01
1.274207979440689087e-02 4.103693962097167969e-01
1.433483976870775223e-02 4.607720673084259033e-01
1.592759974300861359e-02 5.108630657196044922e-01
1.752036064863204956e-02 5.606093406677246094e-01
1.911311969161033630e-02 6.099783778190612793e-01
2.070588059723377228e-02 6.589381694793701172e-01
2.229863964021205902e-02 7.074570059776306152e-01
2.389140054583549500e-02 7.555037736892700195e-01
2.548415958881378174e-02 8.030478954315185547e-01
2.707692049443721771e-02 8.500592708587646484e-01
2.866967953741550446e-02 8.965083956718444824e-01
3.026244044303894043e-02 9.423664212226867676e-01
3.185519948601722717e-02 9.876050353050231934e-01
3.344795852899551392e-02 1.032196521759033203e+00
3.504072129726409912e-02 1.076113939285278320e+00
3.663348034024238586e-02 1.119331002235412598e+00
3.822623938322067261e-02 1.161821961402893066e+00
3.981899842619895935e-02 1.203562140464782715e+00
4.141176119446754456e-02 1.244527220726013184e+00
4.300452023744583130e-02 1.284693956375122070e+00
4.459727928042411804e-02 1.324039697647094727e+00
4.619003832340240479e-02 1.362542629241943359e+00
4.778280109167098999e-02 1.400181889533996582e+00
4.937556013464927673e-02 1.436937332153320312e+00
5.096831917762756348e-02 1.472789883613586426e+00
5.256107822060585022e-02 1.507721066474914551e+00
5.415384098887443542e-02 1.541713476181030273e+00
5.574660003185272217e-02 1.574750781059265137e+00
5.733935907483100891e-02 1.606817364692687988e+00
5.893212184309959412e-02 1.637898683547973633e+00
6.052488088607788086e-02 1.667981147766113281e+00
6.211763992905616760e-02 1.697052240371704102e+00
6.371039897203445435e-02 1.725100517272949219e+00
6.530316174030303955e-02 1.752115368843078613e+00
6.689591705799102783e-02 1.778087377548217773e+00
6.848867982625961304e-02 1.803008317947387695e+00
7.008144259452819824e-02 1.826870918273925781e+00
7.167419791221618652e-02 1.849669218063354492e+00
7.326696068048477173e-02 1.871397972106933594e+00
7.485972344875335693e-02 1.892053604125976562e+00
7.645247876644134521e-02 1.911633372306823730e+00
7.804524153470993042e-02 1.930135846138000488e+00
7.963799685239791870e-02 1.947560906410217285e+00
8.123075962066650391e-02 1.963909387588500977e+00
8.282352238893508911e-02 1.979183554649353027e+00
8.441627770662307739e-02 1.993386983871459961e+00
8.600904047489166260e-02 2.006524324417114258e+00
8.760180324316024780e-02 2.018601894378662109e+00
8.919455856084823608e-02 2.029626607894897461e+00
9.078732132911682129e-02 2.039607524871826172e+00
9.238007664680480957e-02 2.048554658889770508e+00
9.397283941507339478e-02 2.056479215621948242e+00
9.556560218334197998e-02 2.063394069671630859e+00
9.715835750102996826e-02 2.069313287734985352e+00
9.875112026929855347e-02 2.074252605438232422e+00
1.003438830375671387e-01 2.078228950500488281e+00
1.019366383552551270e-01 2.081260681152343750e+00
1.035294011235237122e-01 2.083367586135864258e+00
1.051221564412117004e-01 2.084571123123168945e+00
1.067149192094802856e-01 2.084894180297851562e+00
1.083076819777488708e-01 2.084360837936401367e+00
1.099004372954368591e-01 2.082997083663940430e+00
1.114932000637054443e-01 2.080830097198486328e+00
1.130859628319740295e-01 2.077888727188110352e+00
1.146787181496620178e-01 2.074203729629516602e+00
1.162714809179306030e-01 2.069806814193725586e+00
1.178642436861991882e-01 2.064731836318969727e+00
1.194569990038871765e-01 2.059013605117797852e+00
1.210497617721557617e-01 2.052689313888549805e+00
1.226425170898437500e-01 2.045796871185302734e+00
1.242352798581123352e-01 2.038376808166503906e+00
1.258280426263809204e-01 2.030470609664916992e+00
1.274207979440689087e-01 2.022121667861938477e+00
1.290135532617568970e-01 2.013375043869018555e+00
1.306063234806060791e-01 2.004277467727661133e+00
1.321990787982940674e-01 1.994877219200134277e+00
1.337918341159820557e-01 1.985224723815917969e+00
1.353846043348312378e-01 1.975371599197387695e+00
1.369773596525192261e-01 1.965371727943420410e+00
1.385701149702072144e-01 1.955280423164367676e+00
1.401628851890563965e-01 1.945154666900634766e+00
1.417556405067443848e-01 1.935053467750549316e+00
1.433483958244323730e-01 1.925037622451782227e+00
1.449411660432815552e-01 1.915169596672058105e+00
1.465339213609695435e-01 1.905513763427734375e+00
1.481266766786575317e-01 1.896136164665222168e+00
1.497194468975067139e-01 1.887104868888854980e+00
1.513122022151947021e-01 1.878489613533020020e+00
1.529049575328826904e-01 1.870362401008605957e+00
1.544977128505706787e-01 1.862796425819396973e+00
1.560904830694198608e-01 1.855867505073547363e+00
1.576832383871078491e-01 1.849652647972106934e+00
1.592759937047958374e-01 1.844231486320495605e+00
