0.000000000000000000e+00 0.000000000000000000e+00
1.492760027758777142e-03 5.901455506682395935e-02
2.985520055517554283e-03 1.179588735103607178e-01
4.478279966861009598e-03 1.767636239528656006e-01
5.971040111035108566e-03 2.353601753711700439e-01
7.463799789547920227e-03 2.936807572841644287e-01
8.956559933722019196e-03 3.516586422920227051e-01
1.044932007789611816e-02 4.092283844947814941e-01
1.194208022207021713e-02 4.663259088993072510e-01
1.343484036624431610e-02 5.228888392448425293e-01
1.492759957909584045e-02 5.788564682006835938e-01
1.642036065459251404e-02 6.341701149940490723e-01
1.791311986744403839e-02 6.887731552124023438e-01
1.940587908029556274e-02 7.426112294197082520e-01
2.089864015579223633e-02 7.956324219703674316e-01
2.239139936864376068e-02 8.477872610092163086e-01
2.388416044414043427e-02 8.990291357040405273e-01
2.537691965699195862e-02 9.493141770362854004e-01
2.686968073248863220e-02 9.986013174057006836e-01
2.836243994534015656e-02 1.046852827072143555e+00
2.985519915819168091e-02 1.094033718109130859e+00
3.134796023368835449e-02 1.140112757682800293e+00
3.284072130918502808e-02 1.185061573982238770e+00
3.433347865939140320e-02 1.228855609893798828e+00
3.582623973488807678e-02 1.271473646163940430e+00
3.731900081038475037e-02 1.312897920608520508e+00
3.881175816059112549e-02 1.353114247322082520e+00
4.030451923608779907e-02 1.392112493515014648e+00
4.179728031158447266e-02 1.429885745048522949e+00
4.329004138708114624e-02 1.466430902481079102e+00
4.478279873728752136e-02 1.501748919486999512e+00
4.627555981278419495e-02 1.535843968391418457e+00
4.776832088828086853e-02 1.568724274635314941e+00
4.926107823848724365e-02 1.600401759147644043e+00
5.075383931398391724e-02 1.630891799926757812e+00
5.224660038948059082e-02 1.660213351249694824e+00
5.373936146497726440e-02 1.688389420509338379e+00
5.523211881518363953e-02 1.715445876121520996e+00
5.672487989068031311e-02 1.741412401199340820e+00
5.821764096617698669e-02 1.766322016716003418e+00
5.971039831638336182e-02 1.790210723876953125e+00
6.120315939188003540e-02 1.813117861747741699e+00
6.269592046737670898e-02 1.835085630416870117e+00
6.418868154287338257e-02 1.856159210205078125e+00
6.568144261837005615e-02 1.876386284828186035e+00
6.717420369386672974e-02 1.895817160606384277e+00
6.866695731878280640e-02 1.914504528045654297e+00
7.015971839427947998e-02 1.932503223419189453e+00
7.165247946977615356e-02 1.949869990348815918e+00
7.314524054527282715e-02 1.966663241386413574e+00
7.463800162076950073e-02 1.982943058013916016e+00
7.613076269626617432e-02 1.998770713806152344e+00
7.762351632118225098e-02 2.014208078384399414e+00
7.911627739667892456e-02 2.029318332672119141e+00
8.060903847217559814e-02 2.044164896011352539e+00
8.210179954767227173e-02 2.058810949325561523e+00
8.359456062316894531e-02 2.073319673538208008e+00
8.508732169866561890e-02 2.087753772735595703e+00
8.658008277416229248e-02 2.102175235748291016e+00
8.807283639907836914e-02 2.116644382476806641e+00
8.956559747457504272e-02 2.131219863891601562e+00
9.105835855007171631e-02 2.145959138870239258e+00
9.255111962556838989e-02 2.160916090011596680e+00
9.404388070106506348e-02 2.176142215728759766e+00
9.553664177656173706e-02 2.191686153411865234e+00
9.702940285205841064e-02 2.207591772079467773e+00
9.852215647697448730e-02 2.223900079727172852e+00
1.000149175524711609e-01 2.240645885467529297e+00
1.015076786279678345e-01 2.257859945297241211e+00
1.030004397034645081e-01 2.275566577911376953e+00
1.044932007789611816e-01 2.293784141540527344e+00
1.059859618544578552e-01 2.312524080276489258e+00
1.074787229299545288e-01 2.331790685653686523e+00
1.089714765548706055e-01 2.351580142974853516e+00
1.104642376303672791e-01 2.371879816055297852e+00
1.119569987058639526e-01 2.392668008804321289e+00
1.134497597813606262e-01 2.413913726806640625e+00
1.149425208568572998e-01 2.435574769973754883e+00
1.164352819323539734e-01 2.457598447799682617e+00
1.179280430078506470e-01 2.479920148849487305e+00
1.194207966327667236e-01 2.502462387084960938e+00
1.209135577082633972e-01 2.525135040283203125e+00
1.224063187837600708e-01 2.547833442687988281e+00
1.238990798592567444e-01 2.570438861846923828e+00
1.253918409347534180e-01 2.592817068099975586e+00
1.268845945596694946e-01 2.614816904067993164e+00
1.283773630857467651e-01 2.636271238327026367e+00
1.298701167106628418e-01 2.656994342803955078e+00
1.313628852367401123e-01 2.676781654357910156e+00
1.328556388616561890e-01 2.695410251617431641e+00
1.343484073877334595e-01 2.712635278701782227e+00
1.358411610126495361e-01 2.728191614151000977e+00
1.373339146375656128e-01 2.741791486740112305e+00
1.388266831636428833e-01 2.753123998641967773e+00
1.403194367885589600e-01 2.761854410171508789e+00
1.418122053146362305e-01 2.767622470855712891e+00
1.433049589395523071e-01 2.770041942596435547e+00
1.447977125644683838e-01 2.768699645996093750e+00
1.462904810905456543e-01 2.763153791427612305e+00
1.477832347154617310e-01 2.752933740615844727e+00
1.492760032415390015e-01 2.737538099288940430e+00
