0.000000000000000000e+00 0.000000000000000000e+00
1.000000014901161194e-01 9.391958825290203094e-03
2.000000029802322388e-01 1.893251948058605194e-02
3.000000119209289551e-01 2.873046509921550751e-02
4.000000059604644775e-01 3.886331990361213684e-02
5.000000000000000000e-01 4.938776046037673950e-02
6.000000238418579102e-01 6.035046651959419250e-02
6.999999880790710449e-01 7.177367061376571655e-02
8.000000119209289551e-01 8.368818461894989014e-02
8.999999761581420898e-01 9.611330181360244751e-02
1.000000000000000000e+00 1.090642884373664856e-01
