0.000000000000000000e+00 0.000000000000000000e+00
1.592759974300861359e-03 4.608318954706192017e-02
3.185519948601722717e-03 9.214647859334945679e-02
4.778279922902584076e-03 1.381704360246658325e-01
6.371039897203445435e-03 1.841357201337814331e-01
7.963799871504306793e-03 2.300230413675308228e-01
9.556559845805168152e-03 2.758132219314575195e-01
1.114931982010602951e-02 3.214871585369110107e-01
1.274207979440689087e-02 3.670257627964019775e-01
1.433483976870775223e-02 4.124101102352142334e-01
1.592759974300861359e-02 4.576213061809539795e-01
1.752036064863204956e-02 5.026405453681945801e-01
1.911311969161033630e-02 5.474489927291870117e-01
2.070588059723377228e-02 5.920280814170837402e-01
2.229863964021205902e-02 6.363591551780700684e-01
2.389140054583549500e-02 6.804236769676208496e-01
2.548415958881378174e-02 7.242031693458557129e-01
2.707692049443721771e-02 7.676792144775390625e-01
2.866967953741550446e-02 8.108334541320800781e-01
3.026244044303894043e-02 8.536477088928222656e-01
3.185519948601722717e-02 8.961036205291748047e-01
3.344795852899551392e-02 9.381831288337707520e-01
3.504072129726409912e-02 9.798680543899536133e-01
3.663348034024238586e-02 1.021140456199645996e+00
3.822623938322067261e-02 1.061982274055480957e+00
3.981899842619895935e-02 1.102375626564025879e+00
4.141176119446754456e-02 1.142302751541137695e+00
4.300452023744583130e-02 1.181745648384094238e+00
4.459727928042411804e-02 1.220686554908752441e+00
4.619003832340240479e-02 1.259107947349548340e+00
4.778280109167098999e-02 1.296992182731628418e+00
4.937556013464927673e-02 1.334321498870849609e+00
5.096831917762756348e-02 1.371078372001647949e+00
5.256107822060585022e-02 1.407245397567749023e+00
5.415384098887443542e-02 1.442805051803588867e+00
5.574660003185272217e-02 1.477740049362182617e+00
5.733935907483100891e-02 1.512032866477966309e+00
5.893212184309959412e-02 1.545666337013244629e+00
6.052488088607788086e-02 1.578623175621032715e+00
6.211763992905616760e-02 1.610886096954345703e+00
6.371039897203445435e-02 1.642438054084777832e+00
6.530316174030303955e-02 1.673261642456054688e+00
6.689591705799102783e-02 1.703340172767639160e+00
6.848867982625961304e-02 1.732656240463256836e+00
7.008144259452819824e-02 1.761193037033081055e+00
7.167419791221618652e-02 1.788933396339416504e+00
7.326696068048477173e-02 1.815860629081726074e+00
7.485972344875335693e-02 1.841957807540893555e+00
7.645247876644134521e-02 1.867207884788513184e+00
7.804524153470993042e-02 1.891594171524047852e+00
7.963799685239791870e-02 1.915099978446960449e+00
8.123075962066650391e-02 1.937708258628845215e+00
8.282352238893508911e-02 1.959402680397033691e+00
8.441627770662307739e-02 1.980166196823120117e+00
8.600904047489166260e-02 1.999982357025146484e+00
8.760180324316024780e-02 2.018834590911865234e+00
8.919455856084823608e-02 2.036706209182739258e+00
9.078732132911682129e-02 2.053580522537231445e+00
9.238007664680480957e-02 2.069441080093383789e+00
9.397283941507339478e-02 2.084271669387817383e+00
9.556560218334197998e-02 2.098055362701416016e+00
9.715835750102996826e-02 2.110776185989379883e+00
9.875112026929855347e-02 2.122417211532592773e+00
1.003438830375671387e-01 2.132962465286254883e+00
1.019366383552551270e-01 2.142395257949829102e+00
1.035294011235237122e-01 2.150699377059936523e+00
1.051221564412117004e-01 2.157858610153198242e+00
1.067149192094802856e-01 2.163856506347656250e+00
1.083076819777488708e-01 2.168676853179931641e+00
1.099004372954368591e-01 2.172303438186645508e+00
1.114932000637054443e-01 2.174719810485839844e+00
1.130859628319740295e-01 2.175909996032714844e+00
1.146787181496620178e-01 2.175857543945312500e+00
1.162714809179306030e-01 2.174546480178833008e+00
1.178642436861991882e-01 2.171960830688476562e+00
1.194569990038871765e-01 2.168083906173706055e+00
1.210497617721557617e-01 2.162899971008300781e+00
1.226425170898437500e-01 2.156393051147460938e+00
1.242352798581123352e-01 2.148546457290649414e+00
1.258280426263809204e-01 2.139344692230224609e+00
1.274207979440689087e-01 2.128771543502807617e+00
1.290135532617568970e-01 2.116810798645019531e+00
1.306063234806060791e-01 2.103446483612060547e+00
1.321990787982940674e-01 2.088662624359130859e+00
1.337918341159820557e-01 2.072443246841430664e+00
1.353846043348312378e-01 2.054772138595581055e+00
1.369773596525192261e-01 2.035633563995361328e+00
1.385701149702072144e-01 2.015011310577392578e+00
1.401628851890563965e-01 1.992889642715454102e+00
1.417556405067443848e-01 1.969252467155456543e+00
1.433483958244323730e-01 1.944086313247680664e+00
1.449411660432815552e-01 1.917370200157165527e+00
1.465339213609695435e-01 1.889090776443481445e+00
1.481266766786575317e-01 1.859231948852539062e+00
1.497194468975067139e-01 1.827778100967407227e+00
1.513122022151947021e-01 1.794712901115417480e+00
1.529049575328826904e-01 1.760020852088928223e+00
1.544977128505706787e-01 1.723685622215270996e+00
1.560904830694198608e-01 1.685691714286804199e+00
1.576832383871078491e-01 1.646022796630859375e+00
1.592759937047958374e-01 1.604663372039794922e+00
