0.000000000000000000e+00 0.000000000000000000e+00
1.592759974300861359e-03 5.166786536574363708e-02
3.185519948601722717e-03 1.032997369766235352e-01
4.778279922902584076e-03 1.548602283000946045e-01
6.371039897203445435e-03 2.063141614198684692e-01
7.963799871504306793e-03 2.576265931129455566e-01
9.556559845805168152e-03 3.087628483772277832e-01
1.114931982010602951e-02 3.596885502338409424e-01
1.274207979440689087e-02 4.103696048259735107e-01
1.433483976870775223e-02 4.607723057270050049e-01
1.592759974300861359e-02 5.108633041381835938e-01
1.752036064863204956e-02 5.606095790863037109e-01
1.911311969161033630e-02 6.099786758422851562e-01
2.070588059723377228e-02 6.589384675025939941e-01
2.229863964021205902e-02 7.074573636054992676e-01
2.389140054583549500e-02 7.555041313171386719e-01
2.548415958881378174e-02 8.030482530593872070e-01
2.707692049443721771e-02 8.500596880912780762e-01
2.866967953741550446e-02 8.965088129043579102e-01
3.026244044303894043e-02 9.423668980598449707e-01
3.185519948601722717e-02 9.876055121421813965e-01
3.344795852899551392e-02 1.032196998596191406e+00
3.504072129726409912e-02 1.076114416122436523e+00
3.663348034024238586e-02 1.119331479072570801e+00
3.822623938322067261e-02 1.161822557449340820e+00
3.981899842619895935e-02 1.203562617301940918e+00
4.141176119446754456e-02 1.244527816772460938e+00
4.300452023744583130e-02 1.284694433212280273e+00
4.459727928042411804e-02 1.324040174484252930e+00
4.619003832340240479e-02 1.362543106079101562e+00
4.778280109167098999e-02 1.400182485580444336e+00
4.937556013464927673e-02 1.436937928199768066e+00
5.096831917762756348e-02 1.472790479660034180e+00
5.256107822060585022e-02 1.507721662521362305e+00
5.415384098887443542e-02 1.541714072227478027e+00
5.574660003185272217e-02 1.574751377105712891e+00
5.733935907483100891e-02 1.606817960739135742e+00
5.893212184309959412e-02 1.637899279594421387e+00
6.052488088607788086e-02 1.667981743812561035e+00
6.211763992905616760e-02 1.697052836418151855e+00
6.371039897203445435e-02 1.725100994110107422e+00
6.530316174030303955e-02 1.752115845680236816e+00
6.689591705799102783e-02 1.778087854385375977e+00
6.848867982625961304e-02 1.803008794784545898e+00
7.008144259452819824e-02 1.826871514320373535e+00
7.167419791221618652e-02 1.849669694900512695e+00
7.326696068048477173e-02 1.871398448944091797e+00
7.485972344875335693e-02 1.892054080963134766e+00
7.645247876644134521e-02 1.911633849143981934e+00
7.804524153470993042e-02 1.930136322975158691e+00
7.963799685239791870e-02 1.947561264038085938e+00
8.123075962066650391e-02 1.963909745216369629e+00
8.282352238893508911e-02 1.979183912277221680e+00
8.441627770662307739e-02 1.993387341499328613e+00
8.600904047489166260e-02 2.006524562835693359e+00
8.760180324316024780e-02 2.018602132797241211e+00
8.919455856084823608e-02 2.029626846313476562e+00
9.078732132911682129e-02 2.039607763290405273e+00
9.238007664680480957e-02 2.048554897308349609e+00
9.397283941507339478e-02 2.056479454040527344e+00
9.556560218334197998e-02 2.063394308090209961e+00
9.715835750102996826e-02 2.069313526153564453e+00
9.875112026929855347e-02 2.074252843856811523e+00
1.003438830375671387e-01 2.078229188919067383e+00
1.019366383552551270e-01 2.081260681152343750e+00
1.035294011235237122e-01 2.083367586135864258e+00
1.051221564412117004e-01 2.084571123123168945e+00
1.067149192094802856e-01 2.084894180297851562e+00
1.083076819777488708e-01 2.084360837936401367e+00
1.099004372954368591e-01 2.082996845245361328e+00
1.114932000637054443e-01 2.080829858779907227e+00
1.130859628319740295e-01 2.077888727188110352e+00
1.146787181496620178e-01 2.074203729629516602e+00
1.162714809179306030e-01 2.069806814193725586e+00
1.178642436861991882e-01 2.064731597900390625e+00
1.194569990038871765e-01 2.059013366699218750e+00
1.210497617721557617e-01 2.052689075469970703e+00
1.226425170898437500e-01 2.045796632766723633e+00
1.242352798581123352e-01 2.038376569747924805e+00
1.258280426263809204e-01 2.030470371246337891e+00
1.274207979440689087e-01 2.022121429443359375e+00
1.290135532617568970e-01 2.013374805450439453e+00
1.306063234806060791e-01 2.004276990890502930e+00
1.321990787982940674e-01 1.994876980781555176e+00
1.337918341159820557e-01 1.985224366188049316e+00
1.353846043348312378e-01 1.975371360778808594e+00
1.369773596525192261e-01 1.965371489524841309e+00
1.385701149702072144e-01 1.955280184745788574e+00
1.401628851890563965e-01 1.945154428482055664e+00
1.417556405067443848e-01 1.935053348541259766e+00
1.433483958244323730e-01 1.925037503242492676e+00
1.449411660432815552e-01 1.915169477462768555e+00
1.465339213609695435e-01 1.905513644218444824e+00
1.481266766786575317e-01 1.896136045455932617e+00
1.497194468975067139e-01 1.887104749679565430e+00
1.513122022151947021e-01 1.878489732742309570e+00
1.529049575328826904e-01 1.870362401008605957e+00
1.544977128505706787e-01 1.862796664237976074e+00
1.560904830694198608e-01 1.855867743492126465e+00
1.576832383871078491e-01 1.849653005599975586e+00
1.592759937047958374e-01 1.844231843948364258e+00
