0.000000000000000000e+00 0.000000000000000000e+00
1.592759974300861359e-03 5.166795477271080017e-02
3.185519948601722717e-03 1.032999157905578613e-01
4.778279922902584076e-03 1.548604965209960938e-01
6.371039897203445435e-03 2.063145190477371216e-01
7.963799871504306793e-03 2.576270401477813721e-01
9.556559845805168152e-03 3.087634146213531494e-01
1.114931982010602951e-02 3.596891760826110840e-01
1.274207979440689087e-02 4.103703498840332031e-01
1.433483976870775223e-02 4.607731401920318604e-01
1.592759974300861359e-02 5.108641982078552246e-01
1.752036064863204956e-02 5.606105923652648926e-01
1.911311969161033630e-02 6.099798083305358887e-01
2.070588059723377228e-02 6.589396595954895020e-01
2.229863964021205902e-02 7.074586153030395508e-01
2.389140054583549500e-02 7.555055022239685059e-01
2.548415958881378174e-02 8.030496835708618164e-01
2.707692049443721771e-02 8.500611782073974609e-01
2.866967953741550446e-02 8.965104222297668457e-01
3.026244044303894043e-02 9.423685669898986816e-01
3.185519948601722717e-02 9.876072406768798828e-01
3.344795852899551392e-02 1.032198905944824219e+00
3.504072129726409912e-02 1.076116442680358887e+00
3.663348034024238586e-02 1.119333505630493164e+00
3.822623938322067261e-02 1.161824703216552734e+00
3.981899842619895935e-02 1.203564882278442383e+00
4.141176119446754456e-02 1.244530081748962402e+00
4.300452023744583130e-02 1.284696817398071289e+00
4.459727928042411804e-02 1.324042677879333496e+00
4.619003832340240479e-02 1.362545728683471680e+00
4.778280109167098999e-02 1.400184988975524902e+00
4.937556013464927673e-02 1.436940670013427734e+00
5.096831917762756348e-02 1.472793221473693848e+00
5.256107822060585022e-02 1.507724523544311523e+00
5.415384098887443542e-02 1.541717052459716797e+00
5.574660003185272217e-02 1.574754357337951660e+00
5.733935907483100891e-02 1.606821060180664062e+00
5.893212184309959412e-02 1.637902379035949707e+00
6.052488088607788086e-02 1.667984962463378906e+00
6.211763992905616760e-02 1.697056055068969727e+00
6.371039897203445435e-02 1.725104331970214844e+00
6.530316174030303955e-02 1.752119302749633789e+00
6.689591705799102783e-02 1.778091430664062500e+00
6.848867982625961304e-02 1.803012371063232422e+00
7.008144259452819824e-02 1.826875090599060059e+00
7.167419791221618652e-02 1.849673390388488770e+00
7.326696068048477173e-02 1.871402263641357422e+00
7.485972344875335693e-02 1.892057895660400391e+00
7.645247876644134521e-02 1.911637663841247559e+00
7.804524153470993042e-02 1.930140256881713867e+00
7.963799685239791870e-02 1.947565317153930664e+00
8.123075962066650391e-02 1.963913798332214355e+00
8.282352238893508911e-02 1.979188084602355957e+00
8.441627770662307739e-02 1.993391513824462891e+00
8.600904047489166260e-02 2.006528854370117188e+00
8.760180324316024780e-02 2.018606424331665039e+00
8.919455856084823608e-02 2.029631137847900391e+00
9.078732132911682129e-02 2.039612293243408203e+00
9.238007664680480957e-02 2.048559188842773438e+00
9.397283941507339478e-02 2.056483983993530273e+00
9.556560218334197998e-02 2.063398838043212891e+00
9.715835750102996826e-02 2.069318056106567383e+00
9.875112026929855347e-02 2.074257373809814453e+00
1.003438830375671387e-01 2.078233718872070312e+00
1.019366383552551270e-01 2.081265449523925781e+00
1.035294011235237122e-01 2.083372592926025391e+00
1.051221564412117004e-01 2.084576129913330078e+00
1.067149192094802856e-01 2.084898948669433594e+00
1.083076819777488708e-01 2.084365606307983398e+00
1.099004372954368591e-01 2.083001852035522461e+00
1.114932000637054443e-01 2.080834865570068359e+00
1.130859628319740295e-01 2.077893733978271484e+00
1.146787181496620178e-01 2.074208736419677734e+00
1.162714809179306030e-01 2.069811820983886719e+00
1.178642436861991882e-01 2.064736843109130859e+00
1.194569990038871765e-01 2.059018611907958984e+00
1.210497617721557617e-01 2.052694320678710938e+00
1.226425170898437500e-01 2.045801877975463867e+00
1.242352798581123352e-01 2.038381814956665039e+00
1.258280426263809204e-01 2.030475616455078125e+00
1.274207979440689087e-01 2.022126674652099609e+00
1.290135532617568970e-01 2.013380050659179688e+00
1.306063234806060791e-01 2.004282474517822266e+00
1.321990787982940674e-01 1.994882345199584961e+00
1.337918341159820557e-01 1.985229849815368652e+00
1.353846043348312378e-01 1.975376844406127930e+00
1.369773596525192261e-01 1.965376973152160645e+00
1.385701149702072144e-01 1.955285668373107910e+00
1.401628851890563965e-01 1.945159912109375000e+00
1.417556405067443848e-01 1.935058832168579102e+00
1.433483958244323730e-01 1.925042986869812012e+00
1.449411660432815552e-01 1.915175080299377441e+00
1.465339213609695435e-01 1.905519127845764160e+00
1.481266766786575317e-01 1.896141648292541504e+00
1.497194468975067139e-01 1.887110352516174316e+00
1.513122022151947021e-01 1.878495335578918457e+00
1.529049575328826904e-01 1.870368003845214844e+00
1.544977128505706787e-01 1.862802267074584961e+00
1.560904830694198608e-01 1.855873346328735352e+00
1.576832383871078491e-01 1.849658608436584473e+00
1.592759937047958374e-01 1.844237446784973145e+00
