0.000000000000000000e+00 0.000000000000000000e+00
1.592759974300861359e-03 5.166797712445259094e-02
3.185519948601722717e-03 1.032999604940414429e-01
4.778279922902584076e-03 1.548605710268020630e-01
6.371039897203445435e-03 2.063146233558654785e-01
7.963799871504306793e-03 2.576271593570709229e-01
9.556559845805168152e-03 3.087635338306427002e-01
1.114931982010602951e-02 3.596893548965454102e-01
1.274207979440689087e-02 4.103705286979675293e-01
1.433483976870775223e-02 4.607733190059661865e-01
1.592759974300861359e-02 5.108644366264343262e-01
1.752036064863204956e-02 5.606108307838439941e-01
1.911311969161033630e-02 6.099800467491149902e-01
2.070588059723377228e-02 6.589399576187133789e-01
2.229863964021205902e-02 7.074589133262634277e-01
2.389140054583549500e-02 7.555058598518371582e-01
2.548415958881378174e-02 8.030501008033752441e-01
2.707692049443721771e-02 8.500615954399108887e-01
2.866967953741550446e-02 8.965108990669250488e-01
3.026244044303894043e-02 9.423690438270568848e-01
3.185519948601722717e-02 9.876077175140380859e-01
3.344795852899551392e-02 1.032199382781982422e+00
3.504072129726409912e-02 1.076116919517517090e+00
3.663348034024238586e-02 1.119334101676940918e+00
3.822623938322067261e-02 1.161825180053710938e+00
3.981899842619895935e-02 1.203565478324890137e+00
4.141176119446754456e-02 1.244530677795410156e+00
4.300452023744583130e-02 1.284697532653808594e+00
4.459727928042411804e-02 1.324043393135070801e+00
4.619003832340240479e-02 1.362546443939208984e+00
4.778280109167098999e-02 1.400185823440551758e+00
4.937556013464927673e-02 1.436941385269165039e+00
5.096831917762756348e-02 1.472794055938720703e+00
5.256107822060585022e-02 1.507725358009338379e+00
5.415384098887443542e-02 1.541717886924743652e+00
5.574660003185272217e-02 1.574755311012268066e+00
5.733935907483100891e-02 1.606821894645690918e+00
5.893212184309959412e-02 1.637903332710266113e+00
6.052488088607788086e-02 1.667985916137695312e+00
6.211763992905616760e-02 1.697057127952575684e+00
6.371039897203445435e-02 1.725105404853820801e+00
6.530316174030303955e-02 1.752120375633239746e+00
6.689591705799102783e-02 1.778092503547668457e+00
6.848867982625961304e-02 1.803013563156127930e+00
7.008144259452819824e-02 1.826876282691955566e+00
7.167419791221618652e-02 1.849674582481384277e+00
7.326696068048477173e-02 1.871403455734252930e+00
7.485972344875335693e-02 1.892059206962585449e+00
7.645247876644134521e-02 1.911639094352722168e+00
7.804524153470993042e-02 1.930141687393188477e+00
7.963799685239791870e-02 1.947566747665405273e+00
8.123075962066650391e-02 1.963915348052978516e+00
8.282352238893508911e-02 1.979189634323120117e+00
8.441627770662307739e-02 1.993393063545227051e+00
8.600904047489166260e-02 2.006530523300170898e+00
8.760180324316024780e-02 2.018608093261718750e+00
8.919455856084823608e-02 2.029633045196533203e+00
9.078732132911682129e-02 2.039613962173461914e+00
9.238007664680480957e-02 2.048561096191406250e+00
9.397283941507339478e-02 2.056485652923583984e+00
9.556560218334197998e-02 2.063400745391845703e+00
9.715835750102996826e-02 2.069320201873779297e+00
9.875112026929855347e-02 2.074259519577026367e+00
1.003438830375671387e-01 2.078235864639282227e+00
1.019366383552551270e-01 2.081267595291137695e+00
1.035294011235237122e-01 2.083374738693237305e+00
1.051221564412117004e-01 2.084578275680541992e+00
1.067149192094802856e-01 2.084901332855224609e+00
1.083076819777488708e-01 2.084367990493774414e+00
1.099004372954368591e-01 2.083004236221313477e+00
1.114932000637054443e-01 2.080837488174438477e+00
1.130859628319740295e-01 2.077896356582641602e+00
1.146787181496620178e-01 2.074211359024047852e+00
1.162714809179306030e-01 2.069814682006835938e+00
1.178642436861991882e-01 2.064739465713500977e+00
1.194569990038871765e-01 2.059021472930908203e+00
1.210497617721557617e-01 2.052697181701660156e+00
1.226425170898437500e-01 2.045804977416992188e+00
1.242352798581123352e-01 2.038384914398193359e+00
1.258280426263809204e-01 2.030478715896606445e+00
1.274207979440689087e-01 2.022129774093627930e+00
1.290135532617568970e-01 2.013383388519287109e+00
1.306063234806060791e-01 2.004285812377929688e+00
1.321990787982940674e-01 1.994885683059692383e+00
1.337918341159820557e-01 1.985233306884765625e+00
1.353846043348312378e-01 1.975380420684814453e+00
1.369773596525192261e-01 1.965380668640136719e+00
1.385701149702072144e-01 1.955289363861083984e+00
1.401628851890563965e-01 1.945163726806640625e+00
1.417556405067443848e-01 1.935062766075134277e+00
1.433483958244323730e-01 1.925047039985656738e+00
1.449411660432815552e-01 1.915179133415222168e+00
1.465339213609695435e-01 1.905523300170898438e+00
1.481266766786575317e-01 1.896145820617675781e+00
1.497194468975067139e-01 1.887114644050598145e+00
1.513122022151947021e-01 1.878499746322631836e+00
1.529049575328826904e-01 1.870372533798217773e+00
1.544977128505706787e-01 1.862806797027587891e+00
1.560904830694198608e-01 1.855877995491027832e+00
1.576832383871078491e-01 1.849663376808166504e+00
1.592759937047958374e-01 1.844242334365844727e+00
