0.000000000000000000e+00 0.000000000000000000e+00
1.492760027758777142e-03 4.474685341119766235e-02
2.985520055517554283e-03 8.945781737565994263e-02
4.478279966861009598e-03 1.340975463390350342e-01
5.971040111035108566e-03 1.786309480667114258e-01
7.463799789547920227e-03 2.230232357978820801e-01
8.956559933722019196e-03 2.672399580478668213e-01
1.044932007789611816e-02 3.112471401691436768e-01
1.194208022207021713e-02 3.550111651420593262e-01
1.343484036624431610e-02 3.984990417957305908e-01
1.492759957909584045e-02 4.416782855987548828e-01
1.642036065459251404e-02 4.845169782638549805e-01
1.791311986744403839e-02 5.269839167594909668e-01
1.940587908029556274e-02 5.690485835075378418e-01
2.089864015579223633e-02 6.106812357902526855e-01
2.239139936864376068e-02 6.518528461456298828e-01
2.388416044414043427e-02 6.925352215766906738e-01
2.537691965699195862e-02 7.327010631561279297e-01
2.686968073248863220e-02 7.723240852355957031e-01
2.836243994534015656e-02 8.113786578178405762e-01
2.985519915819168091e-02 8.498404622077941895e-01
3.134796023368835449e-02 8.876860141754150391e-01
3.284072130918502808e-02 9.248927831649780273e-01
3.433347865939140320e-02 9.614394307136535645e-01
3.582623973488807678e-02 9.973058104515075684e-01
3.731900081038475037e-02 1.032472729682922363e+00
3.881175816059112549e-02 1.066922068595886230e+00
4.030451923608779907e-02 1.100637197494506836e+00
4.179728031158447266e-02 1.133602380752563477e+00
4.329004138708114624e-02 1.165803313255310059e+00
4.478279873728752136e-02 1.197226762771606445e+00
4.627555981278419495e-02 1.227860689163208008e+00
4.776832088828086853e-02 1.257694482803344727e+00
4.926107823848724365e-02 1.286718726158142090e+00
5.075383931398391724e-02 1.314925193786621094e+00
5.224660038948059082e-02 1.342307090759277344e+00
5.373936146497726440e-02 1.368858695030212402e+00
5.523211881518363953e-02 1.394575715065002441e+00
5.672487989068031311e-02 1.419455289840698242e+00
5.821764096617698669e-02 1.443495392799377441e+00
5.971039831638336182e-02 1.466695666313171387e+00
6.120315939188003540e-02 1.489056944847106934e+00
6.269592046737670898e-02 1.510581135749816895e+00
6.418868154287338257e-02 1.531271576881408691e+00
6.568144261837005615e-02 1.551132678985595703e+00
6.717420369386672974e-02 1.570170164108276367e+00
6.866695731878280640e-02 1.588391065597534180e+00
7.015971839427947998e-02 1.605803251266479492e+00
7.165247946977615356e-02 1.622415900230407715e+00
7.314524054527282715e-02 1.638239502906799316e+00
7.463800162076950073e-02 1.653285384178161621e+00
7.613076269626617432e-02 1.667565822601318359e+00
7.762351632118225098e-02 1.681094288825988770e+00
7.911627739667892456e-02 1.693885445594787598e+00
8.060903847217559814e-02 1.705954313278198242e+00
8.210179954767227173e-02 1.717317342758178711e+00
8.359456062316894531e-02 1.727991461753845215e+00
8.508732169866561890e-02 1.737994670867919922e+00
8.658008277416229248e-02 1.747345447540283203e+00
8.807283639907836914e-02 1.756063222885131836e+00
8.956559747457504272e-02 1.764167785644531250e+00
9.105835855007171631e-02 1.771679639816284180e+00
9.255111962556838989e-02 1.778619766235351562e+00
9.404388070106506348e-02 1.785009503364562988e+00
9.553664177656173706e-02 1.790870785713195801e+00
9.702940285205841064e-02 1.796225666999816895e+00
9.852215647697448730e-02 1.801096320152282715e+00
1.000149175524711609e-01 1.805505275726318359e+00
1.015076786279678345e-01 1.809474945068359375e+00
1.030004397034645081e-01 1.813027858734130859e+00
1.044932007789611816e-01 1.816186308860778809e+00
1.059859618544578552e-01 1.818972468376159668e+00
1.074787229299545288e-01 1.821408271789550781e+00
1.089714765548706055e-01 1.823515057563781738e+00
1.104642376303672791e-01 1.825313806533813477e+00
1.119569987058639526e-01 1.826824903488159180e+00
1.134497597813606262e-01 1.828068137168884277e+00
1.149425208568572998e-01 1.829062342643737793e+00
1.164352819323539734e-01 1.829825282096862793e+00
1.179280430078506470e-01 1.830374121665954590e+00
1.194207966327667236e-01 1.830724596977233887e+00
1.209135577082633972e-01 1.830891132354736328e+00
1.224063187837600708e-01 1.830886840820312500e+00
1.238990798592567444e-01 1.830723285675048828e+00
1.253918409347534180e-01 1.830410480499267578e+00
1.268845945596694946e-01 1.829956531524658203e+00
1.283773630857467651e-01 1.829367756843566895e+00
1.298701167106628418e-01 1.828648328781127930e+00
1.313628852367401123e-01 1.827800035476684570e+00
1.328556388616561890e-01 1.826822757720947266e+00
1.343484073877334595e-01 1.825713396072387695e+00
1.358411610126495361e-01 1.824466466903686523e+00
1.373339146375656128e-01 1.823073863983154297e+00
1.388266831636428833e-01 1.821524024009704590e+00
1.403194367885589600e-01 1.819802641868591309e+00
1.418122053146362305e-01 1.817891955375671387e+00
1.433049589395523071e-01 1.815770864486694336e+00
1.447977125644683838e-01 1.813414573669433594e+00
1.462904810905456543e-01 1.810794472694396973e+00
1.477832347154617310e-01 1.807877779006958008e+00
1.492760032415390015e-01 1.804628014564514160e+00
