0.000000000000000000e+00 0.000000000000000000e+00
1.592759974300861359e-03 4.782955721020698547e-02
3.185519948601722717e-03 9.563456475734710693e-02
4.778279922902584076e-03 1.433909684419631958e-01
6.371039897203445435e-03 1.910748481750488281e-01
7.963799871504306793e-03 2.386623769998550415e-01
9.556559845805168152e-03 2.861299216747283936e-01
1.114931982010602951e-02 3.334538936614990234e-01
1.274207979440689087e-02 3.806109428405761719e-01
1.433483976870775223e-02 4.275778234004974365e-01
1.592759974300861359e-02 4.743314087390899658e-01
1.752036064863204956e-02 5.208488106727600098e-01
1.911311969161033630e-02 5.671072602272033691e-01
2.070588059723377228e-02 6.130841970443725586e-01
2.229863964021205902e-02 6.587572097778320312e-01
2.389140054583549500e-02 7.041040062904357910e-01
2.548415958881378174e-02 7.491027116775512695e-01
2.707692049443721771e-02 7.937314510345458984e-01
2.866967953741550446e-02 8.379685282707214355e-01
3.026244044303894043e-02 8.817926645278930664e-01
3.185519948601722717e-02 9.251825809478759766e-01
3.344795852899551392e-02 9.681172966957092285e-01
3.504072129726409912e-02 1.010576128959655762e+00
3.663348034024238586e-02 1.052538633346557617e+00
3.822623938322067261e-02 1.093984365463256836e+00
3.981899842619895935e-02 1.134893417358398438e+00
4.141176119446754456e-02 1.175246000289916992e+00
4.300452023744583130e-02 1.215022563934326172e+00
4.459727928042411804e-02 1.254203796386718750e+00
4.619003832340240479e-02 1.292770862579345703e+00
4.778280109167098999e-02 1.330704808235168457e+00
4.937556013464927673e-02 1.367987275123596191e+00
5.096831917762756348e-02 1.404600143432617188e+00
5.256107822060585022e-02 1.440525531768798828e+00
5.415384098887443542e-02 1.475745677947998047e+00
5.574660003185272217e-02 1.510243296623229980e+00
5.733935907483100891e-02 1.544001460075378418e+00
5.893212184309959412e-02 1.577003479003906250e+00
6.052488088607788086e-02 1.609232902526855469e+00
6.211763992905616760e-02 1.640673518180847168e+00
6.371039897203445435e-02 1.671309709548950195e+00
6.530316174030303955e-02 1.701126098632812500e+00
6.689591705799102783e-02 1.730107307434082031e+00
6.848867982625961304e-02 1.758238673210144043e+00
7.008144259452819824e-02 1.785505652427673340e+00
7.167419791221618652e-02 1.811894297599792480e+00
7.326696068048477173e-02 1.837390661239624023e+00
7.485972344875335693e-02 1.861981391906738281e+00
7.645247876644134521e-02 1.885653376579284668e+00
7.804524153470993042e-02 1.908393859863281250e+00
7.963799685239791870e-02 1.930190563201904297e+00
8.123075962066650391e-02 1.951031446456909180e+00
8.282352238893508911e-02 1.970904946327209473e+00
8.441627770662307739e-02 1.989799618721008301e+00
8.600904047489166260e-02 2.007704734802246094e+00
8.760180324316024780e-02 2.024609804153442383e+00
8.919455856084823608e-02 2.040504693984985352e+00
9.078732132911682129e-02 2.055379390716552734e+00
9.238007664680480957e-02 2.069225072860717773e+00
9.397283941507339478e-02 2.082032680511474609e+00
9.556560218334197998e-02 2.093793392181396484e+00
9.715835750102996826e-02 2.104499101638793945e+00
9.875112026929855347e-02 2.114142417907714844e+00
1.003438830375671387e-01 2.122715711593627930e+00
1.019366383552551270e-01 2.130212306976318359e+00
1.035294011235237122e-01 2.136625766754150391e+00
1.051221564412117004e-01 2.141949892044067383e+00
1.067149192094802856e-01 2.146178960800170898e+00
1.083076819777488708e-01 2.149307966232299805e+00
1.099004372954368591e-01 2.151332139968872070e+00
1.114932000637054443e-01 2.152247190475463867e+00
1.130859628319740295e-01 2.152049303054809570e+00
1.146787181496620178e-01 2.150734663009643555e+00
1.162714809179306030e-01 2.148300647735595703e+00
1.178642436861991882e-01 2.144744634628295898e+00
1.194569990038871765e-01 2.140064716339111328e+00
1.210497617721557617e-01 2.134258985519409180e+00
1.226425170898437500e-01 2.127326488494873047e+00
1.242352798581123352e-01 2.119266510009765625e+00
1.258280426263809204e-01 2.110079050064086914e+00
1.274207979440689087e-01 2.099763870239257812e+00
1.290135532617568970e-01 2.088322162628173828e+00
1.306063234806060791e-01 2.075754880905151367e+00
1.321990787982940674e-01 2.062063932418823242e+00
1.337918341159820557e-01 2.047251462936401367e+00
1.353846043348312378e-01 2.031319856643676758e+00
1.369773596525192261e-01 2.014272928237915039e+00
1.385701149702072144e-01 1.996113777160644531e+00
1.401628851890563965e-01 1.976846814155578613e+00
1.417556405067443848e-01 1.956476688385009766e+00
1.433483958244323730e-01 1.935008645057678223e+00
1.449411660432815552e-01 1.912448406219482422e+00
1.465339213609695435e-01 1.888802051544189453e+00
1.481266766786575317e-01 1.864076495170593262e+00
1.497194468975067139e-01 1.838278770446777344e+00
1.513122022151947021e-01 1.811416864395141602e+00
1.529049575328826904e-01 1.783499002456665039e+00
1.544977128505706787e-01 1.754533886909484863e+00
1.560904830694198608e-01 1.724531173706054688e+00
1.576832383871078491e-01 1.693500518798828125e+00
1.592759937047958374e-01 1.661452412605285645e+00
