0.000000000000000000e+00 0.000000000000000000e+00
1.592759974300861359e-03 5.166847258806228638e-02
3.185519948601722717e-03 1.033009514212608337e-01
4.778279922902584076e-03 1.548620462417602539e-01
6.371039897203445435e-03 2.063165903091430664e-01
7.963799871504306793e-03 2.576296329498291016e-01
9.556559845805168152e-03 3.087665140628814697e-01
1.114931982010602951e-02 3.596928119659423828e-01
1.274207979440689087e-02 4.103744626045227051e-01
1.433483976870775223e-02 4.607777893543243408e-01
1.592759974300861359e-02 5.108693838119506836e-01
1.752036064863204956e-02 5.606163144111633301e-01
1.911311969161033630e-02 6.099860072135925293e-01
2.070588059723377228e-02 6.589463949203491211e-01
2.229863964021205902e-02 7.074658274650573730e-01
2.389140054583549500e-02 7.555132508277893066e-01
2.548415958881378174e-02 8.030579686164855957e-01
2.707692049443721771e-02 8.500699996948242188e-01
2.866967953741550446e-02 8.965197801589965820e-01
3.026244044303894043e-02 9.423784017562866211e-01
3.185519948601722717e-02 9.876176118850708008e-01
3.344795852899551392e-02 1.032209753990173340e+00
3.504072129726409912e-02 1.076127767562866211e+00
3.663348034024238586e-02 1.119345426559448242e+00
3.822623938322067261e-02 1.161837100982666016e+00
3.981899842619895935e-02 1.203577756881713867e+00
4.141176119446754456e-02 1.244543552398681641e+00
4.300452023744583130e-02 1.284710764884948730e+00
4.459727928042411804e-02 1.324057102203369141e+00
4.619003832340240479e-02 1.362560629844665527e+00
4.778280109167098999e-02 1.400200605392456055e+00
4.937556013464927673e-02 1.436956644058227539e+00
5.096831917762756348e-02 1.472809791564941406e+00
5.256107822060585022e-02 1.507741570472717285e+00
5.415384098887443542e-02 1.541734576225280762e+00
5.574660003185272217e-02 1.574772477149963379e+00
5.733935907483100891e-02 1.606839656829833984e+00
5.893212184309959412e-02 1.637921571731567383e+00
6.052488088607788086e-02 1.668004631996154785e+00
6.211763992905616760e-02 1.697076320648193359e+00
6.371039897203445435e-02 1.725125074386596680e+00
6.530316174030303955e-02 1.752140522003173828e+00
6.689591705799102783e-02 1.778113126754760742e+00
6.848867982625961304e-02 1.803034663200378418e+00
7.008144259452819824e-02 1.826897859573364258e+00
7.167419791221618652e-02 1.849696636199951172e+00
7.326696068048477173e-02 1.871425986289978027e+00
7.485972344875335693e-02 1.892082214355468750e+00
7.645247876644134521e-02 1.911662578582763672e+00
7.804524153470993042e-02 1.930165648460388184e+00
7.963799685239791870e-02 1.947591185569763184e+00
8.123075962066650391e-02 1.963940262794494629e+00
8.282352238893508911e-02 1.979215025901794434e+00
8.441627770662307739e-02 1.993418931961059570e+00
8.600904047489166260e-02 2.006556987762451172e+00
8.760180324316024780e-02 2.018634796142578125e+00
8.919455856084823608e-02 2.029660224914550781e+00
9.078732132911682129e-02 2.039641618728637695e+00
9.238007664680480957e-02 2.048589229583740234e+00
9.397283941507339478e-02 2.056514501571655273e+00
9.556560218334197998e-02 2.063429832458496094e+00
9.715835750102996826e-02 2.069349765777587891e+00
9.875112026929855347e-02 2.074289560317993164e+00
1.003438830375671387e-01 2.078266382217407227e+00
1.019366383552551270e-01 2.081298589706420898e+00
1.035294011235237122e-01 2.083406209945678711e+00
1.051221564412117004e-01 2.084610223770141602e+00
1.067149192094802856e-01 2.084933757781982422e+00
1.083076819777488708e-01 2.084400892257690430e+00
1.099004372954368591e-01 2.083037614822387695e+00
1.114932000637054443e-01 2.080871343612670898e+00
1.130859628319740295e-01 2.077930688858032227e+00
1.146787181496620178e-01 2.074246168136596680e+00
1.162714809179306030e-01 2.069849729537963867e+00
1.178642436861991882e-01 2.064775228500366211e+00
1.194569990038871765e-01 2.059057474136352539e+00
1.210497617721557617e-01 2.052733659744262695e+00
1.226425170898437500e-01 2.045841932296752930e+00
1.242352798581123352e-01 2.038422346115112305e+00
1.258280426263809204e-01 2.030516624450683594e+00
1.274207979440689087e-01 2.022168159484863281e+00
1.290135532617568970e-01 2.013422250747680664e+00
1.306063234806060791e-01 2.004325151443481445e+00
1.321990787982940674e-01 1.994925498962402344e+00
1.337918341159820557e-01 1.985273480415344238e+00
1.353846043348312378e-01 1.975421071052551270e+00
1.369773596525192261e-01 1.965421676635742188e+00
1.385701149702072144e-01 1.955330848693847656e+00
1.401628851890563965e-01 1.945205688476562500e+00
1.417556405067443848e-01 1.935105085372924805e+00
1.433483958244323730e-01 1.925089836120605469e+00
1.449411660432815552e-01 1.915222406387329102e+00
1.465339213609695435e-01 1.905567049980163574e+00
1.481266766786575317e-01 1.896190047264099121e+00
1.497194468975067139e-01 1.887159228324890137e+00
1.513122022151947021e-01 1.878544688224792480e+00
1.529049575328826904e-01 1.870417952537536621e+00
1.544977128505706787e-01 1.862852692604064941e+00
1.560904830694198608e-01 1.855924248695373535e+00
1.576832383871078491e-01 1.849710106849670410e+00
1.592759937047958374e-01 1.844289541244506836e+00
