0.000000000000000000e+00 0.000000000000000000e+00
1.000000014901161194e-01 8.566901087760925293e-03
2.000000029802322388e-01 1.726935058832168579e-02
3.000000119209289551e-01 2.620657347142696381e-02
4.000000059604644775e-01 3.544928506016731262e-02
5.000000000000000000e-01 4.504918307065963745e-02
6.000000238418579102e-01 5.504884570837020874e-02
6.999999880790710449e-01 6.546855717897415161e-02
8.000000119209289551e-01 7.633641362190246582e-02
8.999999761581420898e-01 8.767001330852508545e-02
1.000000000000000000e+00 9.948329627513885498e-02
