0.000000000000000000e+00 0.000000000000000000e+00
1.492760027758777142e-03 5.901325866580009460e-02
2.985520055517554283e-03 1.179484874010086060e-01
4.478279966861009598e-03 1.767286360263824463e-01
5.971040111035108566e-03 2.352774143218994141e-01
7.463799789547920227e-03 2.935194671154022217e-01
8.956559933722019196e-03 3.513806164264678955e-01
1.044932007789611816e-02 4.087880551815032959e-01
1.194208022207021713e-02 4.656705558300018311e-01
1.343484036624431610e-02 5.219587087631225586e-01
1.492759957909584045e-02 5.775849223136901855e-01
1.642036065459251404e-02 6.324839591979980469e-01
1.791311986744403839e-02 6.865926980972290039e-01
1.940587908029556274e-02 7.398506402969360352e-01
2.089864015579223633e-02 7.921999096870422363e-01
2.239139936864376068e-02 8.435854911804199219e-01
2.388416044414043427e-02 8.939553499221801758e-01
2.537691965699195862e-02 9.432604312896728516e-01
2.686968073248863220e-02 9.914551377296447754e-01
2.836243994534015656e-02 1.038497209548950195e+00
2.985519915819168091e-02 1.084347724914550781e+00
3.134796023368835449e-02 1.128971695899963379e+00
3.284072130918502808e-02 1.172337651252746582e+00
3.433347865939140320e-02 1.214417934417724609e+00
3.582623973488807678e-02 1.255188941955566406e+00
3.731900081038475037e-02 1.294630885124206543e+00
3.881175816059112549e-02 1.332728266716003418e+00
4.030451923608779907e-02 1.369469523429870605e+00
4.179728031158447266e-02 1.404847383499145508e+00
4.329004138708114624e-02 1.438858628273010254e+00
4.478279873728752136e-02 1.471504330635070801e+00
4.627555981278419495e-02 1.502789974212646484e+00
4.776832088828086853e-02 1.532725095748901367e+00
4.926107823848724365e-02 1.561323523521423340e+00
5.075383931398391724e-02 1.588603496551513672e+00
5.224660038948059082e-02 1.614587068557739258e+00
5.373936146497726440e-02 1.639300942420959473e+00
5.523211881518363953e-02 1.662775516510009766e+00
5.672487989068031311e-02 1.685045480728149414e+00
5.821764096617698669e-02 1.706149458885192871e+00
5.971039831638336182e-02 1.726130008697509766e+00
6.120315939188003540e-02 1.745033264160156250e+00
6.269592046737670898e-02 1.762909173965454102e+00
6.418868154287338257e-02 1.779811143875122070e+00
6.568144261837005615e-02 1.795796275138854980e+00
6.717420369386672974e-02 1.810924530029296875e+00
6.866695731878280640e-02 1.825259208679199219e+00
7.015971839427947998e-02 1.838866233825683594e+00
7.165247946977615356e-02 1.851814627647399902e+00
7.314524054527282715e-02 1.864175558090209961e+00
7.463800162076950073e-02 1.876022696495056152e+00
7.613076269626617432e-02 1.887431502342224121e+00
7.762351632118225098e-02 1.898479580879211426e+00
7.911627739667892456e-02 1.909245729446411133e+00
8.060903847217559814e-02 1.919810175895690918e+00
8.210179954767227173e-02 1.930253982543945312e+00
8.359456062316894531e-02 1.940658926963806152e+00
8.508732169866561890e-02 1.951107144355773926e+00
8.658008277416229248e-02 1.961680531501770020e+00
8.807283639907836914e-02 1.972460985183715820e+00
8.956559747457504272e-02 1.983529329299926758e+00
9.105835855007171631e-02 1.994965314865112305e+00
9.255111962556838989e-02 2.006847381591796875e+00
9.404388070106506348e-02 2.019251585006713867e+00
9.553664177656173706e-02 2.032252311706542969e+00
9.702940285205841064e-02 2.045920372009277344e+00
9.852215647697448730e-02 2.060323715209960938e+00
1.000149175524711609e-01 2.075526714324951172e+00
1.015076786279678345e-01 2.091589212417602539e+00
1.030004397034645081e-01 2.108566045761108398e+00
1.044932007789611816e-01 2.126507520675659180e+00
1.059859618544578552e-01 2.145457506179809570e+00
1.074787229299545288e-01 2.165453910827636719e+00
1.089714765548706055e-01 2.186527252197265625e+00
1.104642376303672791e-01 2.208701133728027344e+00
1.119569987058639526e-01 2.231990337371826172e+00
1.134497597813606262e-01 2.256401538848876953e+00
1.149425208568572998e-01 2.281931638717651367e+00
1.164352819323539734e-01 2.308567762374877930e+00
1.179280430078506470e-01 2.336286306381225586e+00
1.194207966327667236e-01 2.365051984786987305e+00
1.209135577082633972e-01 2.394818067550659180e+00
1.224063187837600708e-01 2.425524234771728516e+00
1.238990798592567444e-01 2.457097530364990234e+00
1.253918409347534180e-01 2.489449739456176758e+00
1.268845945596694946e-01 2.522478103637695312e+00
1.283773630857467651e-01 2.556064605712890625e+00
1.298701167106628418e-01 2.590073347091674805e+00
1.313628852367401123e-01 2.624351978302001953e+00
1.328556388616561890e-01 2.658729553222656250e+00
1.343484073877334595e-01 2.693015813827514648e+00
1.358411610126495361e-01 2.727000236511230469e+00
1.373339146375656128e-01 2.760452270507812500e+00
1.388266831636428833e-01 2.793118715286254883e+00
1.403194367885589600e-01 2.824723482131958008e+00
1.418122053146362305e-01 2.854967355728149414e+00
1.433049589395523071e-01 2.883525848388671875e+00
1.447977125644683838e-01 2.910049200057983398e+00
1.462904810905456543e-01 2.934160709381103516e+00
1.477832347154617310e-01 2.955455541610717773e+00
1.492760032415390015e-01 2.973500490188598633e+00
