0.000000000000000000e+00 0.000000000000000000e+00
1.492760027758777142e-03 5.901431664824485779e-02
2.985520055517554283e-03 1.179583966732025146e-01
4.478279966861009598e-03 1.767629235982894897e-01
5.971040111035108566e-03 2.353592813014984131e-01
7.463799789547920227e-03 2.936796844005584717e-01
8.956559933722019196e-03 3.516574203968048096e-01
1.044932007789611816e-02 4.092270433902740479e-01
1.194208022207021713e-02 4.663245379924774170e-01
1.343484036624431610e-02 5.228874087333679199e-01
1.492759957909584045e-02 5.788550972938537598e-01
1.642036065459251404e-02 6.341688632965087891e-01
1.791311986744403839e-02 6.887720227241516113e-01
1.940587908029556274e-02 7.426103353500366211e-01
2.089864015579223633e-02 7.956318259239196777e-01
2.239139936864376068e-02 8.477870821952819824e-01
2.388416044414043427e-02 8.990294337272644043e-01
2.537691965699195862e-02 9.493150115013122559e-01
2.686968073248863220e-02 9.986028671264648438e-01
2.836243994534015656e-02 1.046855092048645020e+00
2.985519915819168091e-02 1.094036936759948730e+00
3.134796023368835449e-02 1.140116930007934570e+00
3.284072130918502808e-02 1.185066819190979004e+00
3.433347865939140320e-02 1.228862166404724121e+00
3.582623973488807678e-02 1.271481394767761230e+00
3.731900081038475037e-02 1.312907099723815918e+00
3.881175816059112549e-02 1.353125095367431641e+00
4.030451923608779907e-02 1.392125010490417480e+00
4.179728031158447266e-02 1.429900169372558594e+00
4.329004138708114624e-02 1.466447353363037109e+00
4.478279873728752136e-02 1.501767396926879883e+00
4.627555981278419495e-02 1.535864710807800293e+00
4.776832088828086853e-02 1.568747520446777344e+00
4.926107823848724365e-02 1.600427508354187012e+00
5.075383931398391724e-02 1.630920171737670898e+00
5.224660038948059082e-02 1.660244584083557129e+00
5.373936146497726440e-02 1.688423514366149902e+00
5.523211881518363953e-02 1.715483069419860840e+00
5.672487989068031311e-02 1.741452813148498535e+00
5.821764096617698669e-02 1.766365766525268555e+00
5.971039831638336182e-02 1.790257930755615234e+00
6.120315939188003540e-02 1.813168644905090332e+00
6.269592046737670898e-02 1.835140109062194824e+00
6.418868154287338257e-02 1.856217384338378906e+00
6.568144261837005615e-02 1.876448392868041992e+00
6.717420369386672974e-02 1.895883202552795410e+00
6.866695731878280640e-02 1.914574742317199707e+00
7.015971839427947998e-02 1.932577490806579590e+00
7.165247946977615356e-02 1.949948430061340332e+00
7.314524054527282715e-02 1.966746091842651367e+00
7.463800162076950073e-02 1.983030080795288086e+00
7.613076269626617432e-02 1.998862028121948242e+00
7.762351632118225098e-02 2.014303684234619141e+00
7.911627739667892456e-02 2.029418468475341797e+00
8.060903847217559814e-02 2.044269084930419922e+00
8.210179954767227173e-02 2.058919191360473633e+00
8.359456062316894531e-02 2.073432207107543945e+00
8.508732169866561890e-02 2.087870359420776367e+00
8.658008277416229248e-02 2.102295637130737305e+00
8.807283639907836914e-02 2.116768598556518555e+00
8.956559747457504272e-02 2.131347894668579102e+00
9.105835855007171631e-02 2.146090269088745117e+00
9.255111962556838989e-02 2.161050319671630859e+00
9.404388070106506348e-02 2.176279544830322266e+00
9.553664177656173706e-02 2.191825866699218750e+00
9.702940285205841064e-02 2.207733869552612305e+00
9.852215647697448730e-02 2.224043846130371094e+00
1.000149175524711609e-01 2.240791082382202148e+00
1.015076786279678345e-01 2.258006095886230469e+00
1.030004397034645081e-01 2.275712966918945312e+00
1.044932007789611816e-01 2.293930530548095703e+00
1.059859618544578552e-01 2.312669754028320312e+00
1.074787229299545288e-01 2.331934690475463867e+00
1.089714765548706055e-01 2.351721763610839844e+00
1.104642376303672791e-01 2.372018337249755859e+00
1.119569987058639526e-01 2.392802715301513672e+00
1.134497597813606262e-01 2.414043426513671875e+00
1.149425208568572998e-01 2.435698509216308594e+00
1.164352819323539734e-01 2.457715272903442383e+00
1.179280430078506470e-01 2.480028629302978516e+00
1.194207966327667236e-01 2.502561330795288086e+00
1.209135577082633972e-01 2.525223016738891602e+00
1.224063187837600708e-01 2.547909259796142578e+00
1.238990798592567444e-01 2.570501089096069336e+00
1.253918409347534180e-01 2.592863798141479492e+00
1.268845945596694946e-01 2.614846467971801758e+00
1.283773630857467651e-01 2.636281728744506836e+00
1.298701167106628418e-01 2.656983613967895508e+00
1.313628852367401123e-01 2.676748275756835938e+00
1.328556388616561890e-01 2.695351362228393555e+00
1.343484073877334595e-01 2.712548732757568359e+00
1.358411610126495361e-01 2.728075027465820312e+00
1.373339146375656128e-01 2.741642236709594727e+00
1.388266831636428833e-01 2.752939462661743164e+00
1.403194367885589600e-01 2.761631727218627930e+00
1.418122053146362305e-01 2.767358303070068359e+00
1.433049589395523071e-01 2.769733190536499023e+00
1.447977125644683838e-01 2.768342971801757812e+00
1.462904810905456543e-01 2.762745618820190430e+00
1.477832347154617310e-01 2.752470254898071289e+00
1.492760032415390015e-01 2.737015724182128906e+00
