0.000000000000000000e+00 0.000000000000000000e+00
1.592759974300861359e-03 4.617869108915328979e-02
3.185519948601722717e-03 9.233748167753219604e-02
4.778279922902584076e-03 1.384569406509399414e-01
6.371039897203445435e-03 1.845177263021469116e-01
7.963799871504306793e-03 2.305005490779876709e-01
9.556559845805168152e-03 2.763862311840057373e-01
1.114931982010602951e-02 3.221556544303894043e-01
1.274207979440689087e-02 3.677898049354553223e-01
1.433483976870775223e-02 4.132696688175201416e-01
1.592759974300861359e-02 4.585763514041900635e-01
1.752036064863204956e-02 5.036910772323608398e-01
1.911311969161033630e-02 5.485951304435729980e-01
2.070588059723377228e-02 5.932697057723999023e-01
2.229863964021205902e-02 6.376963257789611816e-01
2.389140054583549500e-02 6.818563938140869141e-01
2.548415958881378174e-02 7.257314324378967285e-01
2.707692049443721771e-02 7.693030238151550293e-01
2.866967953741550446e-02 8.125528097152709961e-01
3.026244044303894043e-02 8.554626107215881348e-01
3.185519948601722717e-02 8.980141282081604004e-01
3.344795852899551392e-02 9.401891827583312988e-01
3.504072129726409912e-02 9.819697141647338867e-01
3.663348034024238586e-02 1.023337721824645996e+00
3.822623938322067261e-02 1.064275145530700684e+00
3.981899842619895935e-02 1.104764103889465332e+00
4.141176119446754456e-02 1.144786834716796875e+00
4.300452023744583130e-02 1.184325337409973145e+00
4.459727928042411804e-02 1.223361968994140625e+00
4.619003832340240479e-02 1.261878967285156250e+00
4.778280109167098999e-02 1.299858808517456055e+00
4.937556013464927673e-02 1.337283849716186523e+00
5.096831917762756348e-02 1.374136447906494141e+00
5.256107822060585022e-02 1.410399079322814941e+00
5.415384098887443542e-02 1.446054577827453613e+00
5.574660003185272217e-02 1.481085181236267090e+00
5.733935907483100891e-02 1.515473723411560059e+00
5.893212184309959412e-02 1.549203038215637207e+00
6.052488088607788086e-02 1.582255482673645020e+00
6.211763992905616760e-02 1.614614248275756836e+00
6.371039897203445435e-02 1.646261930465698242e+00
6.530316174030303955e-02 1.677181363105773926e+00
6.689591705799102783e-02 1.707355499267578125e+00
6.848867982625961304e-02 1.736767411231994629e+00
7.008144259452819824e-02 1.765400052070617676e+00
7.167419791221618652e-02 1.793236374855041504e+00
7.326696068048477173e-02 1.820259332656860352e+00
7.485972344875335693e-02 1.846452355384826660e+00
7.645247876644134521e-02 1.871798276901245117e+00
7.804524153470993042e-02 1.896280527114868164e+00
7.963799685239791870e-02 1.919882059097290039e+00
8.123075962066650391e-02 1.942586421966552734e+00
8.282352238893508911e-02 1.964376568794250488e+00
8.441627770662307739e-02 1.985236048698425293e+00
8.600904047489166260e-02 2.005148172378540039e+00
8.760180324316024780e-02 2.024096250534057617e+00
8.919455856084823608e-02 2.042063713073730469e+00
9.078732132911682129e-02 2.059034109115600586e+00
9.238007664680480957e-02 2.074990749359130859e+00
9.397283941507339478e-02 2.089917182922363281e+00
9.556560218334197998e-02 2.103796958923339844e+00
9.715835750102996826e-02 2.116613626480102539e+00
9.875112026929855347e-02 2.128350734710693359e+00
1.003438830375671387e-01 2.138991832733154297e+00
1.019366383552551270e-01 2.148520708084106445e+00
1.035294011235237122e-01 2.156920909881591797e+00
1.051221564412117004e-01 2.164176225662231445e+00
1.067149192094802856e-01 2.170270204544067383e+00
1.083076819777488708e-01 2.175186395645141602e+00
1.099004372954368591e-01 2.178909063339233398e+00
1.114932000637054443e-01 2.181421518325805664e+00
1.130859628319740295e-01 2.182707548141479492e+00
1.146787181496620178e-01 2.182751417160034180e+00
1.162714809179306030e-01 2.181536436080932617e+00
1.178642436861991882e-01 2.179046630859375000e+00
1.194569990038871765e-01 2.175265789031982422e+00
1.210497617721557617e-01 2.170177936553955078e+00
1.226425170898437500e-01 2.163766860961914062e+00
1.242352798581123352e-01 2.156016588211059570e+00
1.258280426263809204e-01 2.146910667419433594e+00
1.274207979440689087e-01 2.136433601379394531e+00
1.290135532617568970e-01 2.124568700790405273e+00
1.306063234806060791e-01 2.111300468444824219e+00
1.321990787982940674e-01 2.096612691879272461e+00
1.337918341159820557e-01 2.080489158630371094e+00
1.353846043348312378e-01 2.062914133071899414e+00
1.369773596525192261e-01 2.043871641159057617e+00
1.385701149702072144e-01 2.023345470428466797e+00
1.401628851890563965e-01 2.001319646835327148e+00
1.417556405067443848e-01 1.977778434753417969e+00
1.433483958244323730e-01 1.952708244323730469e+00
1.449411660432815552e-01 1.926087975502014160e+00
1.465339213609695435e-01 1.897904515266418457e+00
1.481266766786575317e-01 1.868141651153564453e+00
1.497194468975067139e-01 1.836783528327941895e+00
1.513122022151947021e-01 1.803814411163330078e+00
1.529049575328826904e-01 1.769218087196350098e+00
1.544977128505706787e-01 1.732978701591491699e+00
1.560904830694198608e-01 1.695080518722534180e+00
1.576832383871078491e-01 1.655507445335388184e+00
1.592759937047958374e-01 1.614243626594543457e+00
