0.000000000000000000e+00 0.000000000000000000e+00
1.492760027758777142e-03 4.474744945764541626e-02
2.985520055517554283e-03 8.946258574724197388e-02
4.478279966861009598e-03 1.341136246919631958e-01
5.971040111035108566e-03 1.786690205335617065e-01
7.463799789547920227e-03 2.230975031852722168e-01
8.956559933722019196e-03 2.673681974411010742e-01
1.044932007789611816e-02 3.114505410194396973e-01
1.194208022207021713e-02 3.553145229816436768e-01
1.343484036624431610e-02 3.989305496215820312e-01
1.492759957909584045e-02 4.422695934772491455e-01
1.642036065459251404e-02 4.853032529354095459e-01
1.791311986744403839e-02 5.280037522315979004e-01
1.940587908029556274e-02 5.703440308570861816e-01
2.089864015579223633e-02 6.122976541519165039e-01
2.239139936864376068e-02 6.538390517234802246e-01
2.388416044414043427e-02 6.949434876441955566e-01
2.537691965699195862e-02 7.355870604515075684e-01
2.686968073248863220e-02 7.757467031478881836e-01
2.836243994534015656e-02 8.154003024101257324e-01
2.985519915819168091e-02 8.545267581939697266e-01
3.134796023368835449e-02 8.931059837341308594e-01
3.284072130918502808e-02 9.311188459396362305e-01
3.433347865939140320e-02 9.685472249984741211e-01
3.582623973488807678e-02 1.005374312400817871e+00
3.731900081038475037e-02 1.041584134101867676e+00
3.881175816059112549e-02 1.077162027359008789e+00
4.030451923608779907e-02 1.112094521522521973e+00
4.179728031158447266e-02 1.146369099617004395e+00
4.329004138708114624e-02 1.179974794387817383e+00
4.478279873728752136e-02 1.212901473045349121e+00
4.627555981278419495e-02 1.245140552520751953e+00
4.776832088828086853e-02 1.276684522628784180e+00
4.926107823848724365e-02 1.307527184486389160e+00
5.075383931398391724e-02 1.337663531303405762e+00
5.224660038948059082e-02 1.367089867591857910e+00
5.373936146497726440e-02 1.395803928375244141e+00
5.523211881518363953e-02 1.423804283142089844e+00
5.672487989068031311e-02 1.451091289520263672e+00
5.821764096617698669e-02 1.477666258811950684e+00
5.971039831638336182e-02 1.503531932830810547e+00
6.120315939188003540e-02 1.528692126274108887e+00
6.269592046737670898e-02 1.553151965141296387e+00
6.418868154287338257e-02 1.576917886734008789e+00
6.568144261837005615e-02 1.599997520446777344e+00
6.717420369386672974e-02 1.622399687767028809e+00
6.866695731878280640e-02 1.644134283065795898e+00
7.015971839427947998e-02 1.665212512016296387e+00
7.165247946977615356e-02 1.685646533966064453e+00
7.314524054527282715e-02 1.705449938774108887e+00
7.463800162076950073e-02 1.724636912345886230e+00
7.613076269626617432e-02 1.743223190307617188e+00
7.762351632118225098e-02 1.761225104331970215e+00
7.911627739667892456e-02 1.778660058975219727e+00
8.060903847217559814e-02 1.795546531677246094e+00
8.210179954767227173e-02 1.811903715133666992e+00
8.359456062316894531e-02 1.827751636505126953e+00
8.508732169866561890e-02 1.843111395835876465e+00
8.658008277416229248e-02 1.858004331588745117e+00
8.807283639907836914e-02 1.872452735900878906e+00
8.956559747457504272e-02 1.886479735374450684e+00
9.105835855007171631e-02 1.900108575820922852e+00
9.255111962556838989e-02 1.913363099098205566e+00
9.404388070106506348e-02 1.926267981529235840e+00
9.553664177656173706e-02 1.938847780227661133e+00
9.702940285205841064e-02 1.951127409934997559e+00
9.852215647697448730e-02 1.963132262229919434e+00
1.000149175524711609e-01 1.974887609481811523e+00
1.015076786279678345e-01 1.986418843269348145e+00
1.030004397034645081e-01 1.997751355171203613e+00
1.044932007789611816e-01 2.008910417556762695e+00
1.059859618544578552e-01 2.019921064376831055e+00
1.074787229299545288e-01 2.030807971954345703e+00
1.089714765548706055e-01 2.041595697402954102e+00
1.104642376303672791e-01 2.052307844161987305e+00
1.119569987058639526e-01 2.062967777252197266e+00
1.134497597813606262e-01 2.073598146438598633e+00
1.149425208568572998e-01 2.084220409393310547e+00
1.164352819323539734e-01 2.094855546951293945e+00
1.179280430078506470e-01 2.105523347854614258e+00
1.194207966327667236e-01 2.116242170333862305e+00
1.209135577082633972e-01 2.127029895782470703e+00
1.224063187837600708e-01 2.137902021408081055e+00
1.238990798592567444e-01 2.148873090744018555e+00
1.253918409347534180e-01 2.159955739974975586e+00
1.268845945596694946e-01 2.171161174774169922e+00
1.283773630857467651e-01 2.182498455047607422e+00
1.298701167106628418e-01 2.193974256515502930e+00
1.313628852367401123e-01 2.205593824386596680e+00
1.328556388616561890e-01 2.217359066009521484e+00
1.343484073877334595e-01 2.229270458221435547e+00
1.358411610126495361e-01 2.241324901580810547e+00
1.373339146375656128e-01 2.253516912460327148e+00
1.388266831636428833e-01 2.265838146209716797e+00
1.403194367885589600e-01 2.278276920318603516e+00
1.418122053146362305e-01 2.290818452835083008e+00
1.433049589395523071e-01 2.303444385528564453e+00
1.447977125644683838e-01 2.316132307052612305e+00
1.462904810905456543e-01 2.328856945037841797e+00
1.477832347154617310e-01 2.341588497161865234e+00
1.492760032415390015e-01 2.354292631149291992e+00
