0.000000000000000000e+00 0.000000000000000000e+00
1.492760027758777142e-03 5.901301652193069458e-02
2.985520055517554283e-03 1.179480105638504028e-01
4.478279966861009598e-03 1.767279058694839478e-01
5.971040111035108566e-03 2.352763563394546509e-01
7.463799789547920227e-03 2.935178875923156738e-01
8.956559933722019196e-03 3.513781130313873291e-01
1.044932007789611816e-02 4.087839424610137939e-01
1.194208022207021713e-02 4.656637609004974365e-01
1.343484036624431610e-02 5.219475030899047852e-01
1.492759957909584045e-02 5.775670409202575684e-01
1.642036065459251404e-02 6.324561238288879395e-01
1.791311986744403839e-02 6.865506768226623535e-01
1.940587908029556274e-02 7.397888302803039551e-01
2.089864015579223633e-02 7.921113967895507812e-01
2.239139936864376068e-02 8.434614539146423340e-01
2.388416044414043427e-02 8.937851190567016602e-01
2.537691965699195862e-02 9.430311918258666992e-01
2.686968073248863220e-02 9.911515116691589355e-01
2.836243994534015656e-02 1.038100957870483398e+00
2.985519915819168091e-02 1.083837866783142090e+00
3.134796023368835449e-02 1.128323435783386230e+00
3.284072130918502808e-02 1.171522855758666992e+00
3.433347865939140320e-02 1.213404417037963867e+00
3.582623973488807678e-02 1.253939986228942871e+00
3.731900081038475037e-02 1.293105483055114746e+00
3.881175816059112549e-02 1.330880045890808105e+00
4.030451923608779907e-02 1.367246985435485840e+00
4.179728031158447266e-02 1.402193188667297363e+00
4.329004138708114624e-02 1.435709476470947266e+00
4.478279873728752136e-02 1.467790484428405762e+00
4.627555981278419495e-02 1.498434901237487793e+00
4.776832088828086853e-02 1.527645230293273926e+00
4.926107823848724365e-02 1.555427908897399902e+00
5.075383931398391724e-02 1.581793069839477539e+00
5.224660038948059082e-02 1.606755018234252930e+00
5.373936146497726440e-02 1.630331635475158691e+00
5.523211881518363953e-02 1.652544617652893066e+00
5.672487989068031311e-02 1.673419594764709473e+00
5.821764096617698669e-02 1.692985653877258301e+00
5.971039831638336182e-02 1.711275339126586914e+00
6.120315939188003540e-02 1.728325128555297852e+00
6.269592046737670898e-02 1.744174480438232422e+00
6.418868154287338257e-02 1.758866190910339355e+00
6.568144261837005615e-02 1.772446393966674805e+00
6.717420369386672974e-02 1.784963965415954590e+00
6.866695731878280640e-02 1.796470880508422852e+00
7.015971839427947998e-02 1.807021737098693848e+00
7.165247946977615356e-02 1.816673755645751953e+00
7.314524054527282715e-02 1.825486063957214355e+00
7.463800162076950073e-02 1.833520650863647461e+00
7.613076269626617432e-02 1.840840697288513184e+00
7.762351632118225098e-02 1.847511649131774902e+00
7.911627739667892456e-02 1.853600144386291504e+00
8.060903847217559814e-02 1.859174132347106934e+00
8.210179954767227173e-02 1.864302396774291992e+00
8.359456062316894531e-02 1.869054555892944336e+00
8.508732169866561890e-02 1.873500585556030273e+00
8.658008277416229248e-02 1.877710461616516113e+00
8.807283639907836914e-02 1.881753921508789062e+00
8.956559747457504272e-02 1.885700225830078125e+00
9.105835855007171631e-02 1.889617800712585449e+00
9.255111962556838989e-02 1.893573641777038574e+00
9.404388070106506348e-02 1.897633075714111328e+00
9.553664177656173706e-02 1.901859521865844727e+00
9.702940285205841064e-02 1.906314134597778320e+00
9.852215647697448730e-02 1.911054730415344238e+00
1.000149175524711609e-01 1.916136503219604492e+00
1.015076786279678345e-01 1.921610474586486816e+00
1.030004397034645081e-01 1.927523612976074219e+00
1.044932007789611816e-01 1.933918476104736328e+00
1.059859618544578552e-01 1.940832018852233887e+00
1.074787229299545288e-01 1.948296189308166504e+00
1.089714765548706055e-01 1.956336379051208496e+00
1.104642376303672791e-01 1.964971423149108887e+00
1.119569987058639526e-01 1.974212884902954102e+00
1.134497597813606262e-01 1.984064936637878418e+00
1.149425208568572998e-01 1.994523048400878906e+00
1.164352819323539734e-01 2.005573749542236328e+00
1.179280430078506470e-01 2.017194271087646484e+00
1.194207966327667236e-01 2.029351711273193359e+00
1.209135577082633972e-01 2.042002439498901367e+00
1.224063187837600708e-01 2.055090904235839844e+00
1.238990798592567444e-01 2.068550109863281250e+00
1.253918409347534180e-01 2.082299947738647461e+00
1.268845945596694946e-01 2.096246957778930664e+00
1.283773630857467651e-01 2.110283851623535156e+00
1.298701167106628418e-01 2.124287843704223633e+00
1.313628852367401123e-01 2.138120889663696289e+00
1.328556388616561890e-01 2.151628494262695312e+00
1.343484073877334595e-01 2.164639234542846680e+00
1.358411610126495361e-01 2.176963090896606445e+00
1.373339146375656128e-01 2.188391923904418945e+00
1.388266831636428833e-01 2.198697805404663086e+00
1.403194367885589600e-01 2.207632303237915039e+00
1.418122053146362305e-01 2.214925765991210938e+00
1.433049589395523071e-01 2.220286130905151367e+00
1.447977125644683838e-01 2.223398685455322266e+00
1.462904810905456543e-01 2.223924160003662109e+00
1.477832347154617310e-01 2.221498966217041016e+00
1.492760032415390015e-01 2.215733051300048828e+00
