0.000000000000000000e+00 0.000000000000000000e+00
1.492760027758777142e-03 4.474685341119766235e-02
2.985520055517554283e-03 8.945782482624053955e-02
4.478279966861009598e-03 1.340975612401962280e-01
5.971040111035108566e-03 1.786309927701950073e-01
7.463799789547920227e-03 2.230233848094940186e-01
8.956559933722019196e-03 2.672403454780578613e-01
1.044932007789611816e-02 3.112479150295257568e-01
1.194208022207021713e-02 3.550127148628234863e-01
1.343484036624431610e-02 3.985018134117126465e-01
1.492759957909584045e-02 4.416829645633697510e-01
1.642036065459251404e-02 4.845245182514190674e-01
1.791311986744403839e-02 5.269955396652221680e-01
1.940587908029556274e-02 5.690659284591674805e-01
2.089864015579223633e-02 6.107062697410583496e-01
2.239139936864376068e-02 6.518880724906921387e-01
2.388416044414043427e-02 6.925837993621826172e-01
2.537691965699195862e-02 7.327668070793151855e-01
2.686968073248863220e-02 7.724113464355468750e-01
2.836243994534015656e-02 8.114928603172302246e-01
2.985519915819168091e-02 8.499877452850341797e-01
3.134796023368835449e-02 8.878735899925231934e-01
3.284072130918502808e-02 9.251290559768676758e-01
3.433347865939140320e-02 9.617340564727783203e-01
3.582623973488807678e-02 9.976695775985717773e-01
3.731900081038475037e-02 1.032917976379394531e+00
3.881175816059112549e-02 1.067462921142578125e+00
4.030451923608779907e-02 1.101289153099060059e+00
4.179728031158447266e-02 1.134382963180541992e+00
4.329004138708114624e-02 1.166731834411621094e+00
4.478279873728752136e-02 1.198324799537658691e+00
4.627555981278419495e-02 1.229151964187622070e+00
4.776832088828086853e-02 1.259205222129821777e+00
4.926107823848724365e-02 1.288477540016174316e+00
5.075383931398391724e-02 1.316963553428649902e+00
5.224660038948059082e-02 1.344659090042114258e+00
5.373936146497726440e-02 1.371561765670776367e+00
5.523211881518363953e-02 1.397670149803161621e+00
5.672487989068031311e-02 1.422984838485717773e+00
5.821764096617698669e-02 1.447507381439208984e+00
5.971039831638336182e-02 1.471241116523742676e+00
6.120315939188003540e-02 1.494190692901611328e+00
6.269592046737670898e-02 1.516362071037292480e+00
6.418868154287338257e-02 1.537762880325317383e+00
6.568144261837005615e-02 1.558402180671691895e+00
6.717420369386672974e-02 1.578290104866027832e+00
6.866695731878280640e-02 1.597438573837280273e+00
7.015971839427947998e-02 1.615860462188720703e+00
7.165247946977615356e-02 1.633570432662963867e+00
7.314524054527282715e-02 1.650584220886230469e+00
7.463800162076950073e-02 1.666918873786926270e+00
7.613076269626617432e-02 1.682592749595642090e+00
7.762351632118225098e-02 1.697625279426574707e+00
7.911627739667892456e-02 1.712037444114685059e+00
8.060903847217559814e-02 1.725850939750671387e+00
8.210179954767227173e-02 1.739089012145996094e+00
8.359456062316894531e-02 1.751775622367858887e+00
8.508732169866561890e-02 1.763936042785644531e+00
8.658008277416229248e-02 1.775596380233764648e+00
8.807283639907836914e-02 1.786783576011657715e+00
8.956559747457504272e-02 1.797525644302368164e+00
9.105835855007171631e-02 1.807851433753967285e+00
9.255111962556838989e-02 1.817790269851684570e+00
9.404388070106506348e-02 1.827372431755065918e+00
9.553664177656173706e-02 1.836628675460815430e+00
9.702940285205841064e-02 1.845590472221374512e+00
9.852215647697448730e-02 1.854289531707763672e+00
1.000149175524711609e-01 1.862758278846740723e+00
1.015076786279678345e-01 1.871029257774353027e+00
1.030004397034645081e-01 1.879135251045227051e+00
1.044932007789611816e-01 1.887109398841857910e+00
1.059859618544578552e-01 1.894984722137451172e+00
1.074787229299545288e-01 1.902794241905212402e+00
1.089714765548706055e-01 1.910570979118347168e+00
1.104642376303672791e-01 1.918347716331481934e+00
1.119569987058639526e-01 1.926156997680664062e+00
1.134497597813606262e-01 1.934030771255493164e+00
1.149425208568572998e-01 1.942000627517700195e+00
1.164352819323539734e-01 1.950097441673278809e+00
1.179280430078506470e-01 1.958351612091064453e+00
1.194207966327667236e-01 1.966792345046997070e+00
1.209135577082633972e-01 1.975448012351989746e+00
1.224063187837600708e-01 1.984346151351928711e+00
1.238990798592567444e-01 1.993512749671936035e+00
1.253918409347534180e-01 2.002972602844238281e+00
1.268845945596694946e-01 2.012748956680297852e+00
1.283773630857467651e-01 2.022863864898681641e+00
1.298701167106628418e-01 2.033336877822875977e+00
1.313628852367401123e-01 2.044186353683471680e+00
1.328556388616561890e-01 2.055428266525268555e+00
1.343484073877334595e-01 2.067076683044433594e+00
1.358411610126495361e-01 2.079143285751342773e+00
1.373339146375656128e-01 2.091636896133422852e+00
1.388266831636428833e-01 2.104564666748046875e+00
1.403194367885589600e-01 2.117929697036743164e+00
1.418122053146362305e-01 2.131733417510986328e+00
1.433049589395523071e-01 2.145972967147827148e+00
1.447977125644683838e-01 2.160643339157104492e+00
1.462904810905456543e-01 2.175735235214233398e+00
1.477832347154617310e-01 2.191236019134521484e+00
1.492760032415390015e-01 2.207129240036010742e+00
