0.000000000000000000e+00 0.000000000000000000e+00
1.592759974300861359e-03 5.166362226009368896e-02
3.185519948601722717e-03 1.032912135124206543e-01
4.778279922902584076e-03 1.548473536968231201e-01
6.371039897203445435e-03 2.062968313694000244e-01
7.963799871504306793e-03 2.576046586036682129e-01
9.556559845805168152e-03 3.087361156940460205e-01
1.114931982010602951e-02 3.596567809581756592e-01
1.274207979440689087e-02 4.103325903415679932e-01
1.433483976870775223e-02 4.607297480106353760e-01
1.592759974300861359e-02 5.108148455619812012e-01
1.752036064863204956e-02 5.605549216270446777e-01
1.911311969161033630e-02 6.099174022674560547e-01
2.070588059723377228e-02 6.588702201843261719e-01
2.229863964021205902e-02 7.073816061019897461e-01
2.389140054583549500e-02 7.554205060005187988e-01
2.548415958881378174e-02 8.029562234878540039e-01
2.707692049443721771e-02 8.499586582183837891e-01
2.866967953741550446e-02 8.963983654975891113e-01
3.026244044303894043e-02 9.422463774681091309e-01
3.185519948601722717e-02 9.874743819236755371e-01
3.344795852899551392e-02 1.032054662704467773e+00
3.504072129726409912e-02 1.075960397720336914e+00
3.663348034024238586e-02 1.119164943695068359e+00
3.822623938322067261e-02 1.161642909049987793e+00
3.981899842619895935e-02 1.203369379043579102e+00
4.141176119446754456e-02 1.244320154190063477e+00
4.300452023744583130e-02 1.284471750259399414e+00
4.459727928042411804e-02 1.323801755905151367e+00
4.619003832340240479e-02 1.362288475036621094e+00
4.778280109167098999e-02 1.399910688400268555e+00
4.937556013464927673e-02 1.436648488044738770e+00
5.096831917762756348e-02 1.472482681274414062e+00
5.256107822060585022e-02 1.507395029067993164e+00
5.415384098887443542e-02 1.541367888450622559e+00
5.574660003185272217e-02 1.574385046958923340e+00
5.733935907483100891e-02 1.606430888175964355e+00
5.893212184309959412e-02 1.637490868568420410e+00
6.052488088607788086e-02 1.667551398277282715e+00
6.211763992905616760e-02 1.696600198745727539e+00
6.371039897203445435e-02 1.724625468254089355e+00
6.530316174030303955e-02 1.751617074012756348e+00
6.689591705799102783e-02 1.777565360069274902e+00
6.848867982625961304e-02 1.802462220191955566e+00
7.008144259452819824e-02 1.826300382614135742e+00
7.167419791221618652e-02 1.849073886871337891e+00
7.326696068048477173e-02 1.870777726173400879e+00
7.485972344875335693e-02 1.891408205032348633e+00
7.645247876644134521e-02 1.910962700843811035e+00
7.804524153470993042e-02 1.929439902305603027e+00
7.963799685239791870e-02 1.946839570999145508e+00
8.123075962066650391e-02 1.963162899017333984e+00
8.282352238893508911e-02 1.978412032127380371e+00
8.441627770662307739e-02 1.992590546607971191e+00
8.600904047489166260e-02 2.005703449249267578e+00
8.760180324316024780e-02 2.017756700515747070e+00
8.919455856084823608e-02 2.028757810592651367e+00
9.078732132911682129e-02 2.038715600967407227e+00
9.238007664680480957e-02 2.047640323638916016e+00
9.397283941507339478e-02 2.055543184280395508e+00
9.556560218334197998e-02 2.062437295913696289e+00
9.715835750102996826e-02 2.068336963653564453e+00
9.875112026929855347e-02 2.073257684707641602e+00
1.003438830375671387e-01 2.077216386795043945e+00
1.019366383552551270e-01 2.080232143402099609e+00
1.035294011235237122e-01 2.082324504852294922e+00
1.051221564412117004e-01 2.083514928817749023e+00
1.067149192094802856e-01 2.083826780319213867e+00
1.083076819777488708e-01 2.083283901214599609e+00
1.099004372954368591e-01 2.081912755966186523e+00
1.114932000637054443e-01 2.079740762710571289e+00
1.130859628319740295e-01 2.076796770095825195e+00
1.146787181496620178e-01 2.073111295700073242e+00
1.162714809179306030e-01 2.068717002868652344e+00
1.178642436861991882e-01 2.063647031784057617e+00
1.194569990038871765e-01 2.057937145233154297e+00
1.210497617721557617e-01 2.051624298095703125e+00
1.226425170898437500e-01 2.044746637344360352e+00
1.242352798581123352e-01 2.037345170974731445e+00
1.258280426263809204e-01 2.029461145401000977e+00
1.274207979440689087e-01 2.021138429641723633e+00
1.290135532617568970e-01 2.012422084808349609e+00
1.306063234806060791e-01 2.003359317779541016e+00
1.321990787982940674e-01 1.993998527526855469e+00
1.337918341159820557e-01 1.984390258789062500e+00
1.353846043348312378e-01 1.974586606025695801e+00
1.369773596525192261e-01 1.964641332626342773e+00
1.385701149702072144e-01 1.954610228538513184e+00
1.401628851890563965e-01 1.944550514221191406e+00
1.417556405067443848e-01 1.934521436691284180e+00
1.433483958244323730e-01 1.924583911895751953e+00
1.449411660432815552e-01 1.914800763130187988e+00
1.465339213609695435e-01 1.905236601829528809e+00
1.481266766786575317e-01 1.895957946777343750e+00
1.497194468975067139e-01 1.887032866477966309e+00
1.513122022151947021e-01 1.878531694412231445e+00
1.529049575328826904e-01 1.870526313781738281e+00
1.544977128505706787e-01 1.863090634346008301e+00
1.560904830694198608e-01 1.856300354003906250e+00
1.576832383871078491e-01 1.850233197212219238e+00
1.592759937047958374e-01 1.844968795776367188e+00
