0.000000000000000000e+00 0.000000000000000000e+00
1.592759974300861359e-03 4.659061506390571594e-02
3.185519948601722717e-03 9.316040575504302979e-02
4.778279922902584076e-03 1.396890282630920410e-01
6.371039897203445435e-03 1.861562132835388184e-01
7.963799871504306793e-03 2.325417995452880859e-01
9.556559845805168152e-03 2.788257002830505371e-01
1.114931982010602951e-02 3.249879181385040283e-01
1.274207979440689087e-02 3.710085451602935791e-01
1.433483976870775223e-02 4.168677330017089844e-01
1.592759974300861359e-02 4.625457823276519775e-01
1.752036064863204956e-02 5.080230236053466797e-01
1.911311969161033630e-02 5.532798767089843750e-01
2.070588059723377228e-02 5.982968807220458984e-01
2.229863964021205902e-02 6.430546641349792480e-01
2.389140054583549500e-02 6.875339150428771973e-01
2.548415958881378174e-02 7.317153811454772949e-01
2.707692049443721771e-02 7.755799889564514160e-01
2.866967953741550446e-02 8.191086649894714355e-01
3.026244044303894043e-02 8.622825145721435547e-01
3.185519948601722717e-02 9.050825834274291992e-01
3.344795852899551392e-02 9.474900960922241211e-01
3.504072129726409912e-02 9.894864559173583984e-01
3.663348034024238586e-02 1.031052947044372559e+00
3.822623938322067261e-02 1.072171092033386230e+00
3.981899842619895935e-02 1.112822532653808594e+00
4.141176119446754456e-02 1.152988672256469727e+00
4.300452023744583130e-02 1.192651629447937012e+00
4.459727928042411804e-02 1.231792926788330078e+00
4.619003832340240479e-02 1.270394563674926758e+00
4.778280109167098999e-02 1.308438539505004883e+00
4.937556013464927673e-02 1.345906853675842285e+00
5.096831917762756348e-02 1.382781863212585449e+00
5.256107822060585022e-02 1.419045805931091309e+00
5.415384098887443542e-02 1.454680800437927246e+00
5.574660003185272217e-02 1.489669561386108398e+00
5.733935907483100891e-02 1.523994326591491699e+00
5.893212184309959412e-02 1.557637929916381836e+00
6.052488088607788086e-02 1.590582966804504395e+00
6.211763992905616760e-02 1.622812151908874512e+00
6.371039897203445435e-02 1.654308438301086426e+00
6.530316174030303955e-02 1.685054779052734375e+00
6.689591705799102783e-02 1.715034127235412598e+00
6.848867982625961304e-02 1.744229674339294434e+00
7.008144259452819824e-02 1.772624492645263672e+00
7.167419791221618652e-02 1.800202012062072754e+00
7.326696068048477173e-02 1.826945543289184570e+00
7.485972344875335693e-02 1.852838635444641113e+00
7.645247876644134521e-02 1.877864718437194824e+00
7.804524153470993042e-02 1.902007460594177246e+00
7.963799685239791870e-02 1.925250649452209473e+00
8.123075962066650391e-02 1.947577953338623047e+00
8.282352238893508911e-02 1.968973278999328613e+00
8.441627770662307739e-02 1.989420771598815918e+00
8.600904047489166260e-02 2.008904457092285156e+00
8.760180324316024780e-02 2.027408123016357422e+00
8.919455856084823608e-02 2.044916391372680664e+00
9.078732132911682129e-02 2.061413526535034180e+00
9.238007664680480957e-02 2.076884031295776367e+00
9.397283941507339478e-02 2.091311931610107422e+00
9.556560218334197998e-02 2.104682445526123047e+00
9.715835750102996826e-02 2.116979598999023438e+00
9.875112026929855347e-02 2.128188371658325195e+00
1.003438830375671387e-01 2.138293981552124023e+00
1.019366383552551270e-01 2.147280693054199219e+00
1.035294011235237122e-01 2.155133962631225586e+00
1.051221564412117004e-01 2.161838769912719727e+00
1.067149192094802856e-01 2.167380332946777344e+00
1.083076819777488708e-01 2.171743631362915039e+00
1.099004372954368591e-01 2.174914360046386719e+00
1.114932000637054443e-01 2.176877737045288086e+00
1.130859628319740295e-01 2.177619218826293945e+00
1.146787181496620178e-01 2.177124738693237305e+00
1.162714809179306030e-01 2.175379514694213867e+00
1.178642436861991882e-01 2.172369718551635742e+00
1.194569990038871765e-01 2.168081045150756836e+00
1.210497617721557617e-01 2.162499427795410156e+00
1.226425170898437500e-01 2.155611038208007812e+00
1.242352798581123352e-01 2.147401571273803711e+00
1.258280426263809204e-01 2.137857675552368164e+00
1.274207979440689087e-01 2.126965522766113281e+00
1.290135532617568970e-01 2.114711284637451172e+00
1.306063234806060791e-01 2.101081371307373047e+00
1.321990787982940674e-01 2.086062669754028320e+00
1.337918341159820557e-01 2.069641828536987305e+00
1.353846043348312378e-01 2.051805019378662109e+00
1.369773596525192261e-01 2.032539606094360352e+00
1.385701149702072144e-01 2.011832237243652344e+00
1.401628851890563965e-01 1.989669799804687500e+00
1.417556405067443848e-01 1.966039419174194336e+00
1.433483958244323730e-01 1.940928220748901367e+00
1.449411660432815552e-01 1.914323449134826660e+00
1.465339213609695435e-01 1.886212468147277832e+00
1.481266766786575317e-01 1.856582522392272949e+00
1.497194468975067139e-01 1.825421214103698730e+00
1.513122022151947021e-01 1.792716145515441895e+00
1.529049575328826904e-01 1.758454918861389160e+00
1.544977128505706787e-01 1.722625136375427246e+00
1.560904830694198608e-01 1.685214757919311523e+00
1.576832383871078491e-01 1.646211743354797363e+00
1.592759937047958374e-01 1.605604052543640137e+00
