0.000000000000000000e+00 0.000000000000000000e+00
1.592759974300861359e-03 5.166535824537277222e-02
3.185519948601722717e-03 1.032947301864624023e-01
4.778279922902584076e-03 1.548527330160140991e-01
6.371039897203445435e-03 2.063042074441909790e-01
7.963799871504306793e-03 2.576141953468322754e-01
9.556559845805168152e-03 3.087480664253234863e-01
1.114931982010602951e-02 3.596714138984680176e-01
1.274207979440689087e-02 4.103501737117767334e-01
1.433483976870775223e-02 4.607506096363067627e-01
1.592759974300861359e-02 5.108394026756286621e-01
1.752036064863204956e-02 5.605836510658264160e-01
1.911311969161033630e-02 6.099507212638854980e-01
2.070588059723377228e-02 6.589085459709167480e-01
2.229863964021205902e-02 7.074255347251892090e-01
2.389140054583549500e-02 7.554705739021301270e-01
2.548415958881378174e-02 8.030130267143249512e-01
2.707692049443721771e-02 8.500229120254516602e-01
2.866967953741550446e-02 8.964706063270568848e-01
3.026244044303894043e-02 9.423273205757141113e-01
3.185519948601722717e-02 9.875647425651550293e-01
3.344795852899551392e-02 1.032155156135559082e+00
3.504072129726409912e-02 1.076071739196777344e+00
3.663348034024238586e-02 1.119287967681884766e+00
3.822623938322067261e-02 1.161778330802917480e+00
3.981899842619895935e-02 1.203517913818359375e+00
4.141176119446754456e-02 1.244482636451721191e+00
4.300452023744583130e-02 1.284649014472961426e+00
4.459727928042411804e-02 1.323994636535644531e+00
4.619003832340240479e-02 1.362497687339782715e+00
4.778280109167098999e-02 1.400137186050415039e+00
4.937556013464927673e-02 1.436892986297607422e+00
5.096831917762756348e-02 1.472746014595031738e+00
5.256107822060585022e-02 1.507677912712097168e+00
5.415384098887443542e-02 1.541671156883239746e+00
5.574660003185272217e-02 1.574709415435791016e+00
5.733935907483100891e-02 1.606777191162109375e+00
5.893212184309959412e-02 1.637859702110290527e+00
6.052488088607788086e-02 1.667943596839904785e+00
6.211763992905616760e-02 1.697016239166259766e+00
6.371039897203445435e-02 1.725066184997558594e+00
6.530316174030303955e-02 1.752082824707031250e+00
6.689591705799102783e-02 1.778056979179382324e+00
6.848867982625961304e-02 1.802979946136474609e+00
7.008144259452819824e-02 1.826844811439514160e+00
7.167419791221618652e-02 1.849645376205444336e+00
7.326696068048477173e-02 1.871376752853393555e+00
7.485972344875335693e-02 1.892034888267517090e+00
7.645247876644134521e-02 1.911617398262023926e+00
7.804524153470993042e-02 1.930122613906860352e+00
7.963799685239791870e-02 1.947550535202026367e+00
8.123075962066650391e-02 1.963901996612548828e+00
8.282352238893508911e-02 1.979179143905639648e+00
8.441627770662307739e-02 1.993385672569274902e+00
8.600904047489166260e-02 2.006526231765747070e+00
8.760180324316024780e-02 2.018606662750244141e+00
8.919455856084823608e-02 2.029634714126586914e+00
9.078732132911682129e-02 2.039618968963623047e+00
9.238007664680480957e-02 2.048569202423095703e+00
9.397283941507339478e-02 2.056496858596801758e+00
9.556560218334197998e-02 2.063415050506591797e+00
9.715835750102996826e-02 2.069337368011474609e+00
9.875112026929855347e-02 2.074279785156250000e+00
1.003438830375671387e-01 2.078259229660034180e+00
1.019366383552551270e-01 2.081293821334838867e+00
1.035294011235237122e-01 2.083403587341308594e+00
1.051221564412117004e-01 2.084609746932983398e+00
1.067149192094802856e-01 2.084935426712036133e+00
1.083076819777488708e-01 2.084404468536376953e+00
1.099004372954368591e-01 2.083042860031127930e+00
1.114932000637054443e-01 2.080877780914306641e+00
1.130859628319740295e-01 2.077938318252563477e+00
1.146787181496620178e-01 2.074254989624023438e+00
1.162714809179306030e-01 2.069859266281127930e+00
1.178642436861991882e-01 2.064785242080688477e+00
1.194569990038871765e-01 2.059067726135253906e+00
1.210497617721557617e-01 2.052743673324584961e+00
1.226425170898437500e-01 2.045851230621337891e+00
1.242352798581123352e-01 2.038430690765380859e+00
1.258280426263809204e-01 2.030523777008056641e+00
1.274207979440689087e-01 2.022173404693603516e+00
1.290135532617568970e-01 2.013425111770629883e+00
1.306063234806060791e-01 2.004325151443481445e+00
1.321990787982940674e-01 1.994922280311584473e+00
1.337918341159820557e-01 1.985266327857971191e+00
1.353846043348312378e-01 1.975409388542175293e+00
1.369773596525192261e-01 1.965404868125915527e+00
1.385701149702072144e-01 1.955308198928833008e+00
1.401628851890563965e-01 1.945176601409912109e+00
1.417556405067443848e-01 1.935068726539611816e+00
1.433483958244323730e-01 1.925045371055603027e+00
1.449411660432815552e-01 1.915169119834899902e+00
1.465339213609695435e-01 1.905503988265991211e+00
1.481266766786575317e-01 1.896116375923156738e+00
1.497194468975067139e-01 1.887074232101440430e+00
1.513122022151947021e-01 1.878447175025939941e+00
1.529049575328826904e-01 1.870306849479675293e+00
1.544977128505706787e-01 1.862727046012878418e+00
1.560904830694198608e-01 1.855782985687255859e+00
1.576832383871078491e-01 1.849552035331726074e+00
1.592759937047958374e-01 1.844113469123840332e+00
