0.000000000000000000e+00 0.000000000000000000e+00
1.000000014901161194e-01 3.444440197199583054e-03
2.000000029802322388e-01 6.943379063159227371e-03
3.000000119209289551e-01 1.053671259433031082e-02
4.000000059604644775e-01 1.425287220627069473e-02
5.000000000000000000e-01 1.811264082789421082e-02
6.000000238418579102e-01 2.213314361870288849e-02
6.999999880790710449e-01 2.632253058254718781e-02
8.000000119209289551e-01 3.069210238754749298e-02
8.999999761581420898e-01 3.524893149733543396e-02
1.000000000000000000e+00 3.999862074851989746e-02
