0.000000000000000000e+00 0.000000000000000000e+00
1.592759974300861359e-03 5.165947973728179932e-02
3.185519948601722717e-03 1.032829955220222473e-01
4.778279922902584076e-03 1.548351794481277466e-01
6.371039897203445435e-03 2.062808722257614136e-01
7.963799871504306793e-03 2.575851678848266602e-01
9.556559845805168152e-03 3.087134063243865967e-01
1.114931982010602951e-02 3.596312403678894043e-01
1.274207979440689087e-02 4.103046059608459473e-01
1.433483976870775223e-02 4.606998264789581299e-01
1.592759974300861359e-02 5.107835531234741211e-01
1.752036064863204956e-02 5.605227947235107422e-01
1.911311969161033630e-02 6.098850965499877930e-01
2.070588059723377228e-02 6.588383913040161133e-01
2.229863964021205902e-02 7.073510289192199707e-01
2.389140054583549500e-02 7.553919553756713867e-01
2.548415958881378174e-02 8.029305338859558105e-01
2.707692049443721771e-02 8.499367833137512207e-01
2.866967953741550446e-02 8.963811397552490234e-01
3.026244044303894043e-02 9.422347545623779297e-01
3.185519948601722717e-02 9.874693751335144043e-01
3.344795852899551392e-02 1.032057285308837891e+00
3.504072129726409912e-02 1.075971603393554688e+00
3.663348034024238586e-02 1.119185924530029297e+00
3.822623938322067261e-02 1.161674737930297852e+00
3.981899842619895935e-02 1.203413128852844238e+00
4.141176119446754456e-02 1.244376897811889648e+00
4.300452023744583130e-02 1.284542798995971680e+00
4.459727928042411804e-02 1.323888301849365234e+00
4.619003832340240479e-02 1.362391352653503418e+00
4.778280109167098999e-02 1.400031447410583496e+00
4.937556013464927673e-02 1.436788082122802734e+00
5.096831917762756348e-02 1.472642302513122559e+00
5.256107822060585022e-02 1.507575750350952148e+00
5.415384098887443542e-02 1.541571021080017090e+00
5.574660003185272217e-02 1.574611544609069824e+00
5.733935907483100891e-02 1.606681942939758301e+00
5.893212184309959412e-02 1.637767553329467773e+00
6.052488088607788086e-02 1.667854785919189453e+00
6.211763992905616760e-02 1.696931123733520508e+00
6.371039897203445435e-02 1.724985122680664062e+00
6.530316174030303955e-02 1.752006173133850098e+00
6.689591705799102783e-02 1.777984857559204102e+00
6.848867982625961304e-02 1.802912950515747070e+00
7.008144259452819824e-02 1.826783061027526855e+00
7.167419791221618652e-02 1.849589228630065918e+00
7.326696068048477173e-02 1.871326446533203125e+00
7.485972344875335693e-02 1.891990661621093750e+00
7.645247876644134521e-02 1.911579489707946777e+00
7.804524153470993042e-02 1.930091381072998047e+00
7.963799685239791870e-02 1.947526097297668457e+00
8.123075962066650391e-02 1.963884472846984863e+00
8.282352238893508911e-02 1.979168891906738281e+00
8.441627770662307739e-02 1.993382573127746582e+00
8.600904047489166260e-02 2.006530523300170898e+00
8.760180324316024780e-02 2.018618583679199219e+00
8.919455856084823608e-02 2.029654264450073242e+00
9.078732132911682129e-02 2.039645910263061523e+00
9.238007664680480957e-02 2.048603773117065430e+00
9.397283941507339478e-02 2.056539058685302734e+00
9.556560218334197998e-02 2.063464641571044922e+00
9.715835750102996826e-02 2.069394588470458984e+00
9.875112026929855347e-02 2.074344158172607422e+00
1.003438830375671387e-01 2.078330755233764648e+00
1.019366383552551270e-01 2.081372261047363281e+00
1.035294011235237122e-01 2.083488702774047852e+00
1.051221564412117004e-01 2.084701299667358398e+00
1.067149192094802856e-01 2.085032939910888672e+00
1.083076819777488708e-01 2.084507465362548828e+00
1.099004372954368591e-01 2.083151340484619141e+00
1.114932000637054443e-01 2.080991029739379883e+00
1.130859628319740295e-01 2.078055858612060547e+00
1.146787181496620178e-01 2.074376106262207031e+00
1.162714809179306030e-01 2.069983482360839844e+00
1.178642436861991882e-01 2.064911842346191406e+00
1.194569990038871765e-01 2.059195995330810547e+00
1.210497617721557617e-01 2.052872657775878906e+00
1.226425170898437500e-01 2.045980215072631836e+00
1.242352798581123352e-01 2.038558721542358398e+00
1.258280426263809204e-01 2.030649662017822266e+00
1.274207979440689087e-01 2.022296428680419922e+00
1.290135532617568970e-01 2.013543844223022461e+00
1.306063234806060791e-01 2.004438638687133789e+00
1.321990787982940674e-01 1.995028972625732422e+00
1.337918341159820557e-01 1.985365152359008789e+00
1.353846043348312378e-01 1.975498795509338379e+00
1.369773596525192261e-01 1.965483427047729492e+00
1.385701149702072144e-01 1.955374240875244141e+00
1.401628851890563965e-01 1.945228457450866699e+00
1.417556405067443848e-01 1.935104727745056152e+00
1.433483958244323730e-01 1.925063610076904297e+00
1.449411660432815552e-01 1.915167689323425293e+00
1.465339213609695435e-01 1.905481100082397461e+00
1.481266766786575317e-01 1.896069765090942383e+00
1.497194468975067139e-01 1.887001514434814453e+00
1.513122022151947021e-01 1.878346323966979980e+00
1.529049575328826904e-01 1.870175480842590332e+00
1.544977128505706787e-01 1.862562537193298340e+00
1.560904830694198608e-01 1.855582833290100098e+00
1.576832383871078491e-01 1.849313497543334961e+00
1.592759937047958374e-01 1.843833804130554199e+00
