0.000000000000000000e+00 0.000000000000000000e+00
1.592759974300861359e-03 5.165793374180793762e-02
3.185519948601722717e-03 1.032798960804939270e-01
4.778279922902584076e-03 1.548305302858352661e-01
6.371039897203445435e-03 2.062746882438659668e-01
7.963799871504306793e-03 2.575774490833282471e-01
9.556559845805168152e-03 3.087041676044464111e-01
1.114931982010602951e-02 3.596204519271850586e-01
1.274207979440689087e-02 4.102922976016998291e-01
1.433483976870775223e-02 4.606859982013702393e-01
1.592759974300861359e-02 5.107681751251220703e-01
1.752036064863204956e-02 5.605059266090393066e-01
1.911311969161033630e-02 6.098667383193969727e-01
2.070588059723377228e-02 6.588185429573059082e-01
2.229863964021205902e-02 7.073297500610351562e-01
2.389140054583549500e-02 7.553691864013671875e-01
2.548415958881378174e-02 8.029063344001770020e-01
2.707692049443721771e-02 8.499110937118530273e-01
2.866967953741550446e-02 8.963540792465209961e-01
3.026244044303894043e-02 9.422062635421752930e-01
3.185519948601722717e-02 9.874395132064819336e-01
3.344795852899551392e-02 1.032026052474975586e+00
3.504072129726409912e-02 1.075939059257507324e+00
3.663348034024238586e-02 1.119152069091796875e+00
3.822623938322067261e-02 1.161639451980590820e+00
3.981899842619895935e-02 1.203376650810241699e+00
4.141176119446754456e-02 1.244339108467102051e+00
4.300452023744583130e-02 1.284503817558288574e+00
4.459727928042411804e-02 1.323848009109497070e+00
4.619003832340240479e-02 1.362350106239318848e+00
4.778280109167098999e-02 1.399988889694213867e+00
4.937556013464927673e-02 1.436744570732116699e+00
5.096831917762756348e-02 1.472597718238830566e+00
5.256107822060585022e-02 1.507530093193054199e+00
5.415384098887443542e-02 1.541524291038513184e+00
5.574660003185272217e-02 1.574563980102539062e+00
5.733935907483100891e-02 1.606633424758911133e+00
5.893212184309959412e-02 1.637718200683593750e+00
6.052488088607788086e-02 1.667804598808288574e+00
6.211763992905616760e-02 1.696880221366882324e+00
6.371039897203445435e-02 1.724933505058288574e+00
6.530316174030303955e-02 1.751953959465026855e+00
6.689591705799102783e-02 1.777932047843933105e+00
6.848867982625961304e-02 1.802859663963317871e+00
7.008144259452819824e-02 1.826729416847229004e+00
7.167419791221618652e-02 1.849535107612609863e+00
7.326696068048477173e-02 1.871271967887878418e+00
7.485972344875335693e-02 1.891936063766479492e+00
7.645247876644134521e-02 1.911524772644042969e+00
7.804524153470993042e-02 1.930036664009094238e+00
7.963799685239791870e-02 1.947471380233764648e+00
8.123075962066650391e-02 1.963829874992370605e+00
8.282352238893508911e-02 1.979114413261413574e+00
8.441627770662307739e-02 1.993328571319580078e+00
8.600904047489166260e-02 2.006476879119873047e+00
8.760180324316024780e-02 2.018565416336059570e+00
8.919455856084823608e-02 2.029601812362670898e+00
9.078732132911682129e-02 2.039594173431396484e+00
9.238007664680480957e-02 2.048552989959716797e+00
9.397283941507339478e-02 2.056489467620849609e+00
9.556560218334197998e-02 2.063416004180908203e+00
9.715835750102996826e-02 2.069347143173217773e+00
9.875112026929855347e-02 2.074298381805419922e+00
1.003438830375671387e-01 2.078286409378051758e+00
1.019366383552551270e-01 2.081329822540283203e+00
1.035294011235237122e-01 2.083448171615600586e+00
1.051221564412117004e-01 2.084662914276123047e+00
1.067149192094802856e-01 2.084996700286865234e+00
1.083076819777488708e-01 2.084473848342895508e+00
1.099004372954368591e-01 2.083120107650756836e+00
1.114932000637054443e-01 2.080962657928466797e+00
1.130859628319740295e-01 2.078030586242675781e+00
1.146787181496620178e-01 2.074353933334350586e+00
1.162714809179306030e-01 2.069964647293090820e+00
1.178642436861991882e-01 2.064896583557128906e+00
1.194569990038871765e-01 2.059184551239013672e+00
1.210497617721557617e-01 2.052865505218505859e+00
1.226425170898437500e-01 2.045977354049682617e+00
1.242352798581123352e-01 2.038560390472412109e+00
1.258280426263809204e-01 2.030656337738037109e+00
1.274207979440689087e-01 2.022308111190795898e+00
1.290135532617568970e-01 2.013561010360717773e+00
1.306063234806060791e-01 2.004461288452148438e+00
1.321990787982940674e-01 1.995057702064514160e+00
1.337918341159820557e-01 1.985400080680847168e+00
1.353846043348312378e-01 1.975540280342102051e+00
1.369773596525192261e-01 1.965531826019287109e+00
1.385701149702072144e-01 1.955429911613464355e+00
1.401628851890563965e-01 1.945291638374328613e+00
1.417556405067443848e-01 1.935175776481628418e+00
1.433483958244323730e-01 1.925143003463745117e+00
1.449411660432815552e-01 1.915255665779113770e+00
1.465339213609695435e-01 1.905578017234802246e+00
1.481266766786575317e-01 1.896175980567932129e+00
1.497194468975067139e-01 1.887117624282836914e+00
1.513122022151947021e-01 1.878472566604614258e+00
1.529049575328826904e-01 1.870312333106994629e+00
1.544977128505706787e-01 1.862710475921630859e+00
1.560904830694198608e-01 1.855742216110229492e+00
1.576832383871078491e-01 1.849484801292419434e+00
1.592759937047958374e-01 1.844017386436462402e+00
