0.000000000000000000e+00 0.000000000000000000e+00
1.592759974300861359e-03 5.166362226009368896e-02
3.185519948601722717e-03 1.032912135124206543e-01
4.778279922902584076e-03 1.548473536968231201e-01
6.371039897203445435e-03 2.062968164682388306e-01
7.963799871504306793e-03 2.576046288013458252e-01
9.556559845805168152e-03 3.087360858917236328e-01
1.114931982010602951e-02 3.596567809581756592e-01
1.274207979440689087e-02 4.103325605392456055e-01
1.433483976870775223e-02 4.607296884059906006e-01
1.592759974300861359e-02 5.108147859573364258e-01
1.752036064863204956e-02 5.605548620223999023e-01
1.911311969161033630e-02 6.099173426628112793e-01
2.070588059723377228e-02 6.588701009750366211e-01
2.229863964021205902e-02 7.073814272880554199e-01
2.389140054583549500e-02 7.554202675819396973e-01
2.548415958881378174e-02 8.029559850692749023e-01
2.707692049443721771e-02 8.499583601951599121e-01
2.866967953741550446e-02 8.963980078697204590e-01
3.026244044303894043e-02 9.422459602355957031e-01
3.185519948601722717e-02 9.874739050865173340e-01
3.344795852899551392e-02 1.032054185867309570e+00
3.504072129726409912e-02 1.075959682464599609e+00
3.663348034024238586e-02 1.119164228439331055e+00
3.822623938322067261e-02 1.161642193794250488e+00
3.981899842619895935e-02 1.203368425369262695e+00
4.141176119446754456e-02 1.244319081306457520e+00
4.300452023744583130e-02 1.284470677375793457e+00
4.459727928042411804e-02 1.323800563812255859e+00
4.619003832340240479e-02 1.362287044525146484e+00
4.778280109167098999e-02 1.399909138679504395e+00
4.937556013464927673e-02 1.436646819114685059e+00
5.096831917762756348e-02 1.472480893135070801e+00
5.256107822060585022e-02 1.507393002510070801e+00
5.415384098887443542e-02 1.541365742683410645e+00
5.574660003185272217e-02 1.574382662773132324e+00
5.733935907483100891e-02 1.606428265571594238e+00
5.893212184309959412e-02 1.637488007545471191e+00
6.052488088607788086e-02 1.667548418045043945e+00
6.211763992905616760e-02 1.696596980094909668e+00
6.371039897203445435e-02 1.724622011184692383e+00
6.530316174030303955e-02 1.751613378524780273e+00
6.689591705799102783e-02 1.777561426162719727e+00
6.848867982625961304e-02 1.802457928657531738e+00
7.008144259452819824e-02 1.826295852661132812e+00
7.167419791221618652e-02 1.849069118499755859e+00
7.326696068048477173e-02 1.870772600173950195e+00
7.485972344875335693e-02 1.891402840614318848e+00
7.645247876644134521e-02 1.910956978797912598e+00
7.804524153470993042e-02 1.929433822631835938e+00
7.963799685239791870e-02 1.946833252906799316e+00
8.123075962066650391e-02 1.963156104087829590e+00
8.282352238893508911e-02 1.978404879570007324e+00
8.441627770662307739e-02 1.992583036422729492e+00
8.600904047489166260e-02 2.005695581436157227e+00
8.760180324316024780e-02 2.017748355865478516e+00
8.919455856084823608e-02 2.028749227523803711e+00
9.078732132911682129e-02 2.038706541061401367e+00
9.238007664680480957e-02 2.047630786895751953e+00
9.397283941507339478e-02 2.055533170700073242e+00
9.556560218334197998e-02 2.062426805496215820e+00
9.715835750102996826e-02 2.068325996398925781e+00
9.875112026929855347e-02 2.073246240615844727e+00
1.003438830375671387e-01 2.077204465866088867e+00
1.019366383552551270e-01 2.080219745635986328e+00
1.035294011235237122e-01 2.082311630249023438e+00
1.051221564412117004e-01 2.083501577377319336e+00
1.067149192094802856e-01 2.083812713623046875e+00
1.083076819777488708e-01 2.083269596099853516e+00
1.099004372954368591e-01 2.081897974014282227e+00
1.114932000637054443e-01 2.079725265502929688e+00
1.130859628319740295e-01 2.076780557632446289e+00
1.146787181496620178e-01 2.073094844818115234e+00
1.162714809179306030e-01 2.068699836730957031e+00
1.178642436861991882e-01 2.063629388809204102e+00
1.194569990038871765e-01 2.057918787002563477e+00
1.210497617721557617e-01 2.051605224609375000e+00
1.226425170898437500e-01 2.044727325439453125e+00
1.242352798581123352e-01 2.037324905395507812e+00
1.258280426263809204e-01 2.029440402984619141e+00
1.274207979440689087e-01 2.021116971969604492e+00
1.290135532617568970e-01 2.012400150299072266e+00
1.306063234806060791e-01 2.003336668014526367e+00
1.321990787982940674e-01 1.993975400924682617e+00
1.337918341159820557e-01 1.984366536140441895e+00
1.353846043348312378e-01 1.974562168121337891e+00
1.369773596525192261e-01 1.964616298675537109e+00
1.385701149702072144e-01 1.954584479331970215e+00
1.401628851890563965e-01 1.944524168968200684e+00
1.417556405067443848e-01 1.934494495391845703e+00
1.433483958244323730e-01 1.924556374549865723e+00
1.449411660432815552e-01 1.914772629737854004e+00
1.465339213609695435e-01 1.905207872390747070e+00
1.481266766786575317e-01 1.895928502082824707e+00
1.497194468975067139e-01 1.887002825736999512e+00
1.513122022151947021e-01 1.878501057624816895e+00
1.529049575328826904e-01 1.870495080947875977e+00
1.544977128505706787e-01 1.863058686256408691e+00
1.560904830694198608e-01 1.856267929077148438e+00
1.576832383871078491e-01 1.850200176239013672e+00
1.592759937047958374e-01 1.844935178756713867e+00
