0.000000000000000000e+00 0.000000000000000000e+00
1.492760027758777142e-03 6.491561979055404663e-02
2.985520055517554283e-03 1.297531872987747192e-01
4.478279966861009598e-03 1.944356709718704224e-01
5.971040111035108566e-03 2.588867247104644775e-01
7.463799789547920227e-03 3.230309188365936279e-01
8.956559933722019196e-03 3.867939114570617676e-01
1.044932007789611816e-02 4.501025974750518799e-01
1.194208022207021713e-02 5.128853917121887207e-01
1.343484036624431610e-02 5.750723481178283691e-01
1.492759957909584045e-02 6.365951895713806152e-01
1.642036065459251404e-02 6.973877549171447754e-01
1.791311986744403839e-02 7.573859691619873047e-01
1.940587908029556274e-02 8.165280222892761230e-01
2.089864015579223633e-02 8.747545480728149414e-01
2.239139936864376068e-02 9.320088624954223633e-01
2.388416044414043427e-02 9.882367849349975586e-01
2.537691965699195862e-02 1.043387174606323242e+00
2.686968073248863220e-02 1.097411632537841797e+00
2.836243994534015656e-02 1.150265216827392578e+00
2.985519915819168091e-02 1.201905608177185059e+00
3.134796023368835449e-02 1.252294301986694336e+00
3.284072130918502808e-02 1.301395893096923828e+00
3.433347865939140320e-02 1.349178433418273926e+00
3.582623973488807678e-02 1.395613551139831543e+00
3.731900081038475037e-02 1.440676331520080566e+00
3.881175816059112549e-02 1.484345793724060059e+00
4.030451923608779907e-02 1.526604175567626953e+00
4.179728031158447266e-02 1.567437767982482910e+00
4.329004138708114624e-02 1.606836438179016113e+00
4.478279873728752136e-02 1.644793868064880371e+00
4.627555981278419495e-02 1.681307554244995117e+00
4.776832088828086853e-02 1.716378569602966309e+00
4.926107823848724365e-02 1.750011682510375977e+00
5.075383931398391724e-02 1.782215476036071777e+00
5.224660038948059082e-02 1.813002109527587891e+00
5.373936146497726440e-02 1.842387318611145020e+00
5.523211881518363953e-02 1.870390534400939941e+00
5.672487989068031311e-02 1.897034168243408203e+00
5.821764096617698669e-02 1.922344446182250977e+00
5.971039831638336182e-02 1.946350812911987305e+00
6.120315939188003540e-02 1.969085454940795898e+00
6.269592046737670898e-02 1.990583896636962891e+00
6.418868154287338257e-02 2.010884523391723633e+00
6.568144261837005615e-02 2.030028343200683594e+00
6.717420369386672974e-02 2.048058748245239258e+00
6.866695731878280640e-02 2.065021991729736328e+00
7.015971839427947998e-02 2.080965995788574219e+00
7.165247946977615356e-02 2.095940589904785156e+00
7.314524054527282715e-02 2.109997987747192383e+00
7.463800162076950073e-02 2.123191356658935547e+00
7.613076269626617432e-02 2.135575294494628906e+00
7.762351632118225098e-02 2.147205352783203125e+00
7.911627739667892456e-02 2.158137798309326172e+00
8.060903847217559814e-02 2.168429374694824219e+00
8.210179954767227173e-02 2.178137063980102539e+00
8.359456062316894531e-02 2.187317371368408203e+00
8.508732169866561890e-02 2.196026325225830078e+00
8.658008277416229248e-02 2.204319715499877930e+00
8.807283639907836914e-02 2.212250947952270508e+00
8.956559747457504272e-02 2.219872713088989258e+00
9.105835855007171631e-02 2.227235078811645508e+00
9.255111962556838989e-02 2.234386444091796875e+00
9.404388070106506348e-02 2.241371870040893555e+00
9.553664177656173706e-02 2.248232841491699219e+00
9.702940285205841064e-02 2.255007266998291016e+00
9.852215647697448730e-02 2.261729717254638672e+00
1.000149175524711609e-01 2.268428564071655273e+00
1.015076786279678345e-01 2.275128126144409180e+00
1.030004397034645081e-01 2.281846523284912109e+00
1.044932007789611816e-01 2.288595676422119141e+00
1.059859618544578552e-01 2.295380592346191406e+00
1.074787229299545288e-01 2.302199363708496094e+00
1.089714765548706055e-01 2.309041500091552734e+00
1.104642376303672791e-01 2.315888404846191406e+00
1.119569987058639526e-01 2.322711944580078125e+00
1.134497597813606262e-01 2.329474449157714844e+00
1.149425208568572998e-01 2.336127758026123047e+00
1.164352819323539734e-01 2.342612743377685547e+00
1.179280430078506470e-01 2.348858118057250977e+00
1.194207966327667236e-01 2.354780435562133789e+00
1.209135577082633972e-01 2.360282897949218750e+00
1.224063187837600708e-01 2.365254402160644531e+00
1.238990798592567444e-01 2.369570016860961914e+00
1.253918409347534180e-01 2.373088598251342773e+00
1.268845945596694946e-01 2.375652790069580078e+00
1.283773630857467651e-01 2.377088785171508789e+00
1.298701167106628418e-01 2.377204418182373047e+00
1.313628852367401123e-01 2.375788688659667969e+00
1.328556388616561890e-01 2.372611522674560547e+00
1.343484073877334595e-01 2.367421627044677734e+00
1.358411610126495361e-01 2.359947204589843750e+00
1.373339146375656128e-01 2.349893808364868164e+00
1.388266831636428833e-01 2.336943387985229492e+00
1.403194367885589600e-01 2.320754051208496094e+00
1.418122053146362305e-01 2.300958871841430664e+00
1.433049589395523071e-01 2.277164697647094727e+00
1.447977125644683838e-01 2.248950719833374023e+00
1.462904810905456543e-01 2.215868473052978516e+00
1.477832347154617310e-01 2.177439451217651367e+00
1.492760032415390015e-01 2.133155345916748047e+00
