0.000000000000000000e+00 0.000000000000000000e+00
1.000000014901161194e-01 2.247622795403003693e-02
2.000000029802322388e-01 4.530807957053184509e-02
3.000000119209289551e-01 6.875588744878768921e-02
4.000000059604644775e-01 9.300518035888671875e-02
5.000000000000000000e-01 1.181915849447250366e-01
6.000000238418579102e-01 1.444268226623535156e-01
6.999999880790710449e-01 1.717641055583953857e-01
8.000000119209289551e-01 2.002771496772766113e-01
8.999999761581420898e-01 2.300121188163757324e-01
1.000000000000000000e+00 2.610055804252624512e-01
