0.000000000000000000e+00 0.000000000000000000e+00
1.592759974300861359e-03 4.782955721020698547e-02
3.185519948601722717e-03 9.563456475734710693e-02
4.778279922902584076e-03 1.433909684419631958e-01
6.371039897203445435e-03 1.910748481750488281e-01
7.963799871504306793e-03 2.386623919010162354e-01
9.556559845805168152e-03 2.861299216747283936e-01
1.114931982010602951e-02 3.334539234638214111e-01
1.274207979440689087e-02 3.806109726428985596e-01
1.433483976870775223e-02 4.275778532028198242e-01
1.592759974300861359e-02 4.743314683437347412e-01
1.752036064863204956e-02 5.208488702774047852e-01
1.911311969161033630e-02 5.671073198318481445e-01
2.070588059723377228e-02 6.130842566490173340e-01
2.229863964021205902e-02 6.587572693824768066e-01
2.389140054583549500e-02 7.041041851043701172e-01
2.548415958881378174e-02 7.491028904914855957e-01
2.707692049443721771e-02 7.937316298484802246e-01
2.866967953741550446e-02 8.379687666893005371e-01
3.026244044303894043e-02 8.817929029464721680e-01
3.185519948601722717e-02 9.251828789710998535e-01
3.344795852899551392e-02 9.681176543235778809e-01
3.504072129726409912e-02 1.010576605796813965e+00
3.663348034024238586e-02 1.052539110183715820e+00
3.822623938322067261e-02 1.093984961509704590e+00
3.981899842619895935e-02 1.134894013404846191e+00
4.141176119446754456e-02 1.175246715545654297e+00
4.300452023744583130e-02 1.215023279190063477e+00
4.459727928042411804e-02 1.254204630851745605e+00
4.619003832340240479e-02 1.292771816253662109e+00
4.778280109167098999e-02 1.330705881118774414e+00
4.937556013464927673e-02 1.367988467216491699e+00
5.096831917762756348e-02 1.404601454734802246e+00
5.256107822060585022e-02 1.440526843070983887e+00
5.415384098887443542e-02 1.475747108459472656e+00
5.574660003185272217e-02 1.510244965553283691e+00
5.733935907483100891e-02 1.544003248214721680e+00
5.893212184309959412e-02 1.577005386352539062e+00
6.052488088607788086e-02 1.609234929084777832e+00
6.211763992905616760e-02 1.640675783157348633e+00
6.371039897203445435e-02 1.671312212944030762e+00
6.530316174030303955e-02 1.701128721237182617e+00
6.689591705799102783e-02 1.730110049247741699e+00
6.848867982625961304e-02 1.758241653442382812e+00
7.008144259452819824e-02 1.785508871078491211e+00
7.167419791221618652e-02 1.811897754669189453e+00
7.326696068048477173e-02 1.837394356727600098e+00
7.485972344875335693e-02 1.861985325813293457e+00
7.645247876644134521e-02 1.885657548904418945e+00
7.804524153470993042e-02 1.908398270606994629e+00
7.963799685239791870e-02 1.930195212364196777e+00
8.123075962066650391e-02 1.951036453247070312e+00
8.282352238893508911e-02 1.970910072326660156e+00
8.441627770662307739e-02 1.989805102348327637e+00
8.600904047489166260e-02 2.007710456848144531e+00
8.760180324316024780e-02 2.024616003036499023e+00
8.919455856084823608e-02 2.040511131286621094e+00
9.078732132911682129e-02 2.055386304855346680e+00
9.238007664680480957e-02 2.069232225418090820e+00
9.397283941507339478e-02 2.082040071487426758e+00
9.556560218334197998e-02 2.093801021575927734e+00
9.715835750102996826e-02 2.104507446289062500e+00
9.875112026929855347e-02 2.114151000976562500e+00
1.003438830375671387e-01 2.122724771499633789e+00
1.019366383552551270e-01 2.130221843719482422e+00
1.035294011235237122e-01 2.136635541915893555e+00
1.051221564412117004e-01 2.141960144042968750e+00
1.067149192094802856e-01 2.146189689636230469e+00
1.083076819777488708e-01 2.149319171905517578e+00
1.099004372954368591e-01 2.151343822479248047e+00
1.114932000637054443e-01 2.152259349822998047e+00
1.130859628319740295e-01 2.152061700820922852e+00
1.146787181496620178e-01 2.150747776031494141e+00
1.162714809179306030e-01 2.148314237594604492e+00
1.178642436861991882e-01 2.144758939743041992e+00
1.194569990038871765e-01 2.140079259872436523e+00
1.210497617721557617e-01 2.134274244308471680e+00
1.226425170898437500e-01 2.127342224121093750e+00
1.242352798581123352e-01 2.119282960891723633e+00
1.258280426263809204e-01 2.110095739364624023e+00
1.274207979440689087e-01 2.099781274795532227e+00
1.290135532617568970e-01 2.088340044021606445e+00
1.306063234806060791e-01 2.075773477554321289e+00
1.321990787982940674e-01 2.062083244323730469e+00
1.337918341159820557e-01 2.047271251678466797e+00
1.353846043348312378e-01 2.031340599060058594e+00
1.369773596525192261e-01 2.014294147491455078e+00
1.385701149702072144e-01 1.996135592460632324e+00
1.401628851890563965e-01 1.976869344711303711e+00
1.417556405067443848e-01 1.956500053405761719e+00
1.433483958244323730e-01 1.935032725334167480e+00
1.449411660432815552e-01 1.912473082542419434e+00
1.465339213609695435e-01 1.888827562332153320e+00
1.481266766786575317e-01 1.864102602005004883e+00
1.497194468975067139e-01 1.838305711746215820e+00
1.513122022151947021e-01 1.811444520950317383e+00
1.529049575328826904e-01 1.783527374267578125e+00
1.544977128505706787e-01 1.754563093185424805e+00
1.560904830694198608e-01 1.724561095237731934e+00
1.576832383871078491e-01 1.693531274795532227e+00
1.592759937047958374e-01 1.661484003067016602e+00
