0.000000000000000000e+00 0.000000000000000000e+00
1.592759974300861359e-03 5.166777595877647400e-02
3.185519948601722717e-03 1.032995581626892090e-01
4.778279922902584076e-03 1.548599600791931152e-01
6.371039897203445435e-03 2.063138186931610107e-01
7.963799871504306793e-03 2.576261758804321289e-01
9.556559845805168152e-03 3.087623417377471924e-01
1.114931982010602951e-02 3.596879541873931885e-01
1.274207979440689087e-02 4.103689193725585938e-01
1.433483976870775223e-02 4.607715606689453125e-01
1.592759974300861359e-02 5.108624696731567383e-01
1.752036064863204956e-02 5.606086850166320801e-01
1.911311969161033630e-02 6.099777221679687500e-01
2.070588059723377228e-02 6.589374542236328125e-01
2.229863964021205902e-02 7.074562311172485352e-01
2.389140054583549500e-02 7.555029392242431641e-01
2.548415958881378174e-02 8.030470013618469238e-01
2.707692049443721771e-02 8.500583767890930176e-01
2.866967953741550446e-02 8.965075016021728516e-01
3.026244044303894043e-02 9.423654675483703613e-01
3.185519948601722717e-02 9.876040220260620117e-01
3.344795852899551392e-02 1.032195568084716797e+00
3.504072129726409912e-02 1.076112866401672363e+00
3.663348034024238586e-02 1.119329929351806641e+00
3.822623938322067261e-02 1.161820888519287109e+00
3.981899842619895935e-02 1.203561067581176758e+00
4.141176119446754456e-02 1.244526147842407227e+00
4.300452023744583130e-02 1.284692883491516113e+00
4.459727928042411804e-02 1.324038505554199219e+00
4.619003832340240479e-02 1.362541437149047852e+00
4.778280109167098999e-02 1.400180816650390625e+00
4.937556013464927673e-02 1.436936259269714355e+00
5.096831917762756348e-02 1.472788810729980469e+00
5.256107822060585022e-02 1.507719993591308594e+00
5.415384098887443542e-02 1.541712522506713867e+00
5.574660003185272217e-02 1.574749827384948730e+00
5.733935907483100891e-02 1.606816411018371582e+00
5.893212184309959412e-02 1.637897729873657227e+00
6.052488088607788086e-02 1.667980194091796875e+00
6.211763992905616760e-02 1.697051405906677246e+00
6.371039897203445435e-02 1.725099563598632812e+00
6.530316174030303955e-02 1.752114534378051758e+00
6.689591705799102783e-02 1.778086662292480469e+00
6.848867982625961304e-02 1.803007602691650391e+00
7.008144259452819824e-02 1.826870322227478027e+00
7.167419791221618652e-02 1.849668502807617188e+00
7.326696068048477173e-02 1.871397376060485840e+00
7.485972344875335693e-02 1.892053127288818359e+00
7.645247876644134521e-02 1.911632895469665527e+00
7.804524153470993042e-02 1.930135488510131836e+00
7.963799685239791870e-02 1.947560548782348633e+00
8.123075962066650391e-02 1.963909149169921875e+00
8.282352238893508911e-02 1.979183435440063477e+00
8.441627770662307739e-02 1.993386864662170410e+00
8.600904047489166260e-02 2.006524324417114258e+00
8.760180324316024780e-02 2.018601894378662109e+00
8.919455856084823608e-02 2.029626846313476562e+00
9.078732132911682129e-02 2.039607763290405273e+00
9.238007664680480957e-02 2.048554897308349609e+00
9.397283941507339478e-02 2.056479454040527344e+00
9.556560218334197998e-02 2.063394546508789062e+00
9.715835750102996826e-02 2.069314002990722656e+00
9.875112026929855347e-02 2.074253320693969727e+00
1.003438830375671387e-01 2.078229665756225586e+00
1.019366383552551270e-01 2.081261396408081055e+00
1.035294011235237122e-01 2.083368539810180664e+00
1.051221564412117004e-01 2.084572076797485352e+00
1.067149192094802856e-01 2.084895133972167969e+00
1.083076819777488708e-01 2.084361791610717773e+00
1.099004372954368591e-01 2.082998037338256836e+00
1.114932000637054443e-01 2.080831289291381836e+00
1.130859628319740295e-01 2.077889919281005859e+00
1.146787181496620178e-01 2.074204921722412109e+00
1.162714809179306030e-01 2.069808244705200195e+00
1.178642436861991882e-01 2.064733028411865234e+00
1.194569990038871765e-01 2.059015035629272461e+00
1.210497617721557617e-01 2.052690505981445312e+00
1.226425170898437500e-01 2.045798301696777344e+00
1.242352798581123352e-01 2.038378000259399414e+00
1.258280426263809204e-01 2.030471801757812500e+00
1.274207979440689087e-01 2.022122859954833984e+00
1.290135532617568970e-01 2.013376235961914062e+00
1.306063234806060791e-01 2.004278421401977539e+00
1.321990787982940674e-01 1.994878292083740234e+00
1.337918341159820557e-01 1.985225677490234375e+00
1.353846043348312378e-01 1.975372552871704102e+00
1.369773596525192261e-01 1.965372562408447266e+00
1.385701149702072144e-01 1.955281019210815430e+00
1.401628851890563965e-01 1.945155143737792969e+00
1.417556405067443848e-01 1.935053944587707520e+00
1.433483958244323730e-01 1.925037860870361328e+00
1.449411660432815552e-01 1.915169596672058105e+00
1.465339213609695435e-01 1.905513525009155273e+00
1.481266766786575317e-01 1.896135687828063965e+00
1.497194468975067139e-01 1.887104153633117676e+00
1.513122022151947021e-01 1.878488659858703613e+00
1.529049575328826904e-01 1.870360970497131348e+00
1.544977128505706787e-01 1.862794756889343262e+00
1.560904830694198608e-01 1.855865478515625000e+00
1.576832383871078491e-01 1.849650263786315918e+00
1.592759937047958374e-01 1.844228625297546387e+00
