0.000000000000000000e+00 0.000000000000000000e+00
1.000000014901161194e-01 3.007675055414438248e-03
2.000000029802322388e-01 6.062938366085290909e-03
3.000000119209289551e-01 9.200626052916049957e-03
4.000000059604644775e-01 1.244556624442338943e-02
5.000000000000000000e-01 1.581590622663497925e-02
6.000000238418579102e-01 1.932659558951854706e-02
6.999999880790710449e-01 2.298475615680217743e-02
8.000000119209289551e-01 2.680025249719619751e-02
8.999999761581420898e-01 3.077926300466060638e-02
1.000000000000000000e+00 3.492667898535728455e-02
