0.000000000000000000e+00 0.000000000000000000e+00
1.000000014901161194e-01 8.662722073495388031e-03
2.000000029802322388e-01 1.746250875294208527e-02
3.000000119209289551e-01 2.649969421327114105e-02
4.000000059604644775e-01 3.584578633308410645e-02
5.000000000000000000e-01 4.555305838584899902e-02
6.000000238418579102e-01 5.566456913948059082e-02
6.999999880790710449e-01 6.620082259178161621e-02
8.000000119209289551e-01 7.719023525714874268e-02
8.999999761581420898e-01 8.865060657262802124e-02
1.000000000000000000e+00 1.005960181355476379e-01
