0.000000000000000000e+00 0.000000000000000000e+00
1.592759974300861359e-03 5.166794359683990479e-02
3.185519948601722717e-03 1.032998934388160706e-01
4.778279922902584076e-03 1.548604667186737061e-01
6.371039897203445435e-03 2.063144743442535400e-01
7.963799871504306793e-03 2.576269805431365967e-01
9.556559845805168152e-03 3.087633252143859863e-01
1.114931982010602951e-02 3.596890866756439209e-01
1.274207979440689087e-02 4.103702306747436523e-01
1.433483976870775223e-02 4.607729911804199219e-01
1.592759974300861359e-02 5.108640789985656738e-01
1.752036064863204956e-02 5.606104731559753418e-01
1.911311969161033630e-02 6.099796295166015625e-01
2.070588059723377228e-02 6.589394807815551758e-01
2.229863964021205902e-02 7.074583768844604492e-01
2.389140054583549500e-02 7.555052638053894043e-01
2.548415958881378174e-02 8.030494451522827148e-01
2.707692049443721771e-02 8.500609397888183594e-01
2.866967953741550446e-02 8.965101838111877441e-01
3.026244044303894043e-02 9.423682689666748047e-01
3.185519948601722717e-02 9.876069426536560059e-01
3.344795852899551392e-02 1.032198548316955566e+00
3.504072129726409912e-02 1.076116085052490234e+00
3.663348034024238586e-02 1.119333148002624512e+00
3.822623938322067261e-02 1.161824226379394531e+00
3.981899842619895935e-02 1.203564405441284180e+00
4.141176119446754456e-02 1.244529604911804199e+00
4.300452023744583130e-02 1.284696340560913086e+00
4.459727928042411804e-02 1.324042081832885742e+00
4.619003832340240479e-02 1.362545132637023926e+00
4.778280109167098999e-02 1.400184392929077148e+00
4.937556013464927673e-02 1.436939954757690430e+00
5.096831917762756348e-02 1.472792506217956543e+00
5.256107822060585022e-02 1.507723689079284668e+00
5.415384098887443542e-02 1.541716217994689941e+00
5.574660003185272217e-02 1.574753522872924805e+00
5.733935907483100891e-02 1.606820106506347656e+00
5.893212184309959412e-02 1.637901425361633301e+00
6.052488088607788086e-02 1.667984008789062500e+00
6.211763992905616760e-02 1.697055101394653320e+00
6.371039897203445435e-02 1.725103259086608887e+00
6.530316174030303955e-02 1.752118110656738281e+00
6.689591705799102783e-02 1.778090238571166992e+00
6.848867982625961304e-02 1.803011178970336914e+00
7.008144259452819824e-02 1.826873779296875000e+00
7.167419791221618652e-02 1.849671959877014160e+00
7.326696068048477173e-02 1.871400713920593262e+00
7.485972344875335693e-02 1.892056345939636230e+00
7.645247876644134521e-02 1.911636114120483398e+00
7.804524153470993042e-02 1.930138587951660156e+00
7.963799685239791870e-02 1.947563529014587402e+00
8.123075962066650391e-02 1.963912010192871094e+00
8.282352238893508911e-02 1.979186177253723145e+00
8.441627770662307739e-02 1.993389487266540527e+00
8.600904047489166260e-02 2.006526947021484375e+00
8.760180324316024780e-02 2.018604278564453125e+00
8.919455856084823608e-02 2.029628992080688477e+00
9.078732132911682129e-02 2.039609909057617188e+00
9.238007664680480957e-02 2.048556804656982422e+00
9.397283941507339478e-02 2.056481361389160156e+00
9.556560218334197998e-02 2.063396215438842773e+00
9.715835750102996826e-02 2.069315433502197266e+00
9.875112026929855347e-02 2.074254512786865234e+00
1.003438830375671387e-01 2.078230857849121094e+00
1.019366383552551270e-01 2.081262350082397461e+00
1.035294011235237122e-01 2.083369255065917969e+00
1.051221564412117004e-01 2.084572792053222656e+00
1.067149192094802856e-01 2.084895610809326172e+00
1.083076819777488708e-01 2.084362030029296875e+00
1.099004372954368591e-01 2.082998037338256836e+00
1.114932000637054443e-01 2.080831050872802734e+00
1.130859628319740295e-01 2.077889680862426758e+00
1.146787181496620178e-01 2.074204444885253906e+00
1.162714809179306030e-01 2.069807529449462891e+00
1.178642436861991882e-01 2.064732313156127930e+00
1.194569990038871765e-01 2.059014081954956055e+00
1.210497617721557617e-01 2.052689313888549805e+00
1.226425170898437500e-01 2.045796871185302734e+00
1.242352798581123352e-01 2.038376808166503906e+00
1.258280426263809204e-01 2.030470371246337891e+00
1.274207979440689087e-01 2.022121191024780273e+00
1.290135532617568970e-01 2.013374328613281250e+00
1.306063234806060791e-01 2.004276514053344727e+00
1.321990787982940674e-01 1.994876265525817871e+00
1.337918341159820557e-01 1.985223650932312012e+00
1.353846043348312378e-01 1.975370407104492188e+00
1.369773596525192261e-01 1.965370416641235352e+00
1.385701149702072144e-01 1.955278873443603516e+00
1.401628851890563965e-01 1.945152878761291504e+00
1.417556405067443848e-01 1.935051560401916504e+00
1.433483958244323730e-01 1.925035595893859863e+00
1.449411660432815552e-01 1.915167331695556641e+00
1.465339213609695435e-01 1.905511260032653809e+00
1.481266766786575317e-01 1.896133542060852051e+00
1.497194468975067139e-01 1.887102007865905762e+00
1.513122022151947021e-01 1.878486633300781250e+00
1.529049575328826904e-01 1.870359182357788086e+00
1.544977128505706787e-01 1.862793087959289551e+00
1.560904830694198608e-01 1.855863928794860840e+00
1.576832383871078491e-01 1.849649071693420410e+00
1.592759937047958374e-01 1.844227552413940430e+00
