0.000000000000000000e+00 0.000000000000000000e+00
1.492760027758777142e-03 5.901301652193069458e-02
2.985520055517554283e-03 1.179480105638504028e-01
4.478279966861009598e-03 1.767279505729675293e-01
5.971040111035108566e-03 2.352765202522277832e-01
7.463799789547920227e-03 2.935183942317962646e-01
8.956559933722019196e-03 3.513793945312500000e-01
1.044932007789611816e-02 4.087867438793182373e-01
1.194208022207021713e-02 4.656692147254943848e-01
1.343484036624431610e-02 5.219573378562927246e-01
1.492759957909584045e-02 5.775836706161499023e-01
1.642036065459251404e-02 6.324827671051025391e-01
1.791311986744403839e-02 6.865917444229125977e-01
1.940587908029556274e-02 7.398499846458435059e-01
2.089864015579223633e-02 7.921996116638183594e-01
2.239139936864376068e-02 8.435856699943542480e-01
2.388416044414043427e-02 8.939560651779174805e-01
2.537691965699195862e-02 9.432618021965026855e-01
2.686968073248863220e-02 9.914572834968566895e-01
2.836243994534015656e-02 1.038500189781188965e+00
2.985519915819168091e-02 1.084351778030395508e+00
3.134796023368835449e-02 1.128976821899414062e+00
3.284072130918502808e-02 1.172343969345092773e+00
3.433347865939140320e-02 1.214425683021545410e+00
3.582623973488807678e-02 1.255198240280151367e+00
3.731900081038475037e-02 1.294641852378845215e+00
3.881175816059112549e-02 1.332741022109985352e+00
4.030451923608779907e-02 1.369484186172485352e+00
4.179728031158447266e-02 1.404864192008972168e+00
4.329004138708114624e-02 1.438877582550048828e+00
4.478279873728752136e-02 1.471525788307189941e+00
4.627555981278419495e-02 1.502813935279846191e+00
4.776832088828086853e-02 1.532751798629760742e+00
4.926107823848724365e-02 1.561353087425231934e+00
5.075383931398391724e-02 1.588635921478271484e+00
5.224660038948059082e-02 1.614622712135314941e+00
5.373936146497726440e-02 1.639339923858642578e+00
5.523211881518363953e-02 1.662817955017089844e+00
5.672487989068031311e-02 1.685091614723205566e+00
5.821764096617698669e-02 1.706199288368225098e+00
5.971039831638336182e-02 1.726183772087097168e+00
6.120315939188003540e-02 1.745090961456298828e+00
6.269592046737670898e-02 1.762971043586730957e+00
6.418868154287338257e-02 1.779877424240112305e+00
6.568144261837005615e-02 1.795866966247558594e+00
6.717420369386672974e-02 1.810999751091003418e+00
6.866695731878280640e-02 1.825339078903198242e+00
7.015971839427947998e-02 1.838950872421264648e+00
7.165247946977615356e-02 1.851904034614562988e+00
7.314524054527282715e-02 1.864269852638244629e+00
7.463800162076950073e-02 1.876121878623962402e+00
7.613076269626617432e-02 1.887535691261291504e+00
7.762351632118225098e-02 1.898588776588439941e+00
7.911627739667892456e-02 1.909359931945800781e+00
8.060903847217559814e-02 1.919929265975952148e+00
8.210179954767227173e-02 1.930378079414367676e+00
8.359456062316894531e-02 1.940787911415100098e+00
8.508732169866561890e-02 1.951240897178649902e+00
8.658008277416229248e-02 1.961819052696228027e+00
8.807283639907836914e-02 1.972604036331176758e+00
8.956559747457504272e-02 1.983676791191101074e+00
9.105835855007171631e-02 1.995117068290710449e+00
9.255111962556838989e-02 2.007003068923950195e+00
9.404388070106506348e-02 2.019411087036132812e+00
9.553664177656173706e-02 2.032415151596069336e+00
9.702940285205841064e-02 2.046086311340332031e+00
9.852215647697448730e-02 2.060492515563964844e+00
1.000149175524711609e-01 2.075697898864746094e+00
1.015076786279678345e-01 2.091762065887451172e+00
1.030004397034645081e-01 2.108740329742431641e+00
1.044932007789611816e-01 2.126682519912719727e+00
1.059859618544578552e-01 2.145632743835449219e+00
1.074787229299545288e-01 2.165628433227539062e+00
1.089714765548706055e-01 2.186700582504272461e+00
1.104642376303672791e-01 2.208872079849243164e+00
1.119569987058639526e-01 2.232158422470092773e+00
1.134497597813606262e-01 2.256565570831298828e+00
1.149425208568572998e-01 2.282090902328491211e+00
1.164352819323539734e-01 2.308721065521240234e+00
1.179280430078506470e-01 2.336432218551635742e+00
1.194207966327667236e-01 2.365189552307128906e+00
1.209135577082633972e-01 2.394945621490478516e+00
1.224063187837600708e-01 2.425640583038330078e+00
1.238990798592567444e-01 2.457201004028320312e+00
1.253918409347534180e-01 2.489538669586181641e+00
1.268845945596694946e-01 2.522551059722900391e+00
1.283773630857467651e-01 2.556119441986083984e+00
1.298701167106628418e-01 2.590108156204223633e+00
1.313628852367401123e-01 2.624364614486694336e+00
1.328556388616561890e-01 2.658717870712280273e+00
1.343484073877334595e-01 2.692977428436279297e+00
1.358411610126495361e-01 2.726933002471923828e+00
1.373339146375656128e-01 2.760353088378906250e+00
1.388266831636428833e-01 2.792984962463378906e+00
1.403194367885589600e-01 2.824552297592163086e+00
1.418122053146362305e-01 2.854755640029907227e+00
1.433049589395523071e-01 2.883270502090454102e+00
1.447977125644683838e-01 2.909746885299682617e+00
1.462904810905456543e-01 2.933807373046875000e+00
1.477832347154617310e-01 2.955047845840454102e+00
1.492760032415390015e-01 2.973034381866455078e+00
