0.000000000000000000e+00 0.000000000000000000e+00
1.592759974300861359e-03 5.166795477271080017e-02
3.185519948601722717e-03 1.032999157905578613e-01
4.778279922902584076e-03 1.548604965209960938e-01
6.371039897203445435e-03 2.063145190477371216e-01
7.963799871504306793e-03 2.576270401477813721e-01
9.556559845805168152e-03 3.087634146213531494e-01
1.114931982010602951e-02 3.596891760826110840e-01
1.274207979440689087e-02 4.103703498840332031e-01
1.433483976870775223e-02 4.607731401920318604e-01
1.592759974300861359e-02 5.108641982078552246e-01
1.752036064863204956e-02 5.606105923652648926e-01
1.911311969161033630e-02 6.099798083305358887e-01
2.070588059723377228e-02 6.589396595954895020e-01
2.229863964021205902e-02 7.074586153030395508e-01
2.389140054583549500e-02 7.555055022239685059e-01
2.548415958881378174e-02 8.030496835708618164e-01
2.707692049443721771e-02 8.500611782073974609e-01
2.866967953741550446e-02 8.965104818344116211e-01
3.026244044303894043e-02 9.423685669898986816e-01
3.185519948601722717e-02 9.876073002815246582e-01
3.344795852899551392e-02 1.032198905944824219e+00
3.504072129726409912e-02 1.076116442680358887e+00
3.663348034024238586e-02 1.119333505630493164e+00
3.822623938322067261e-02 1.161824703216552734e+00
3.981899842619895935e-02 1.203564882278442383e+00
4.141176119446754456e-02 1.244530081748962402e+00
4.300452023744583130e-02 1.284696936607360840e+00
4.459727928042411804e-02 1.324042677879333496e+00
4.619003832340240479e-02 1.362545728683471680e+00
4.778280109167098999e-02 1.400185108184814453e+00
4.937556013464927673e-02 1.436940670013427734e+00
5.096831917762756348e-02 1.472793221473693848e+00
5.256107822060585022e-02 1.507724523544311523e+00
5.415384098887443542e-02 1.541717171669006348e+00
5.574660003185272217e-02 1.574754476547241211e+00
5.733935907483100891e-02 1.606821179389953613e+00
5.893212184309959412e-02 1.637902498245239258e+00
6.052488088607788086e-02 1.667985081672668457e+00
6.211763992905616760e-02 1.697056293487548828e+00
6.371039897203445435e-02 1.725104570388793945e+00
6.530316174030303955e-02 1.752119541168212891e+00
6.689591705799102783e-02 1.778091669082641602e+00
6.848867982625961304e-02 1.803012728691101074e+00
7.008144259452819824e-02 1.826875448226928711e+00
7.167419791221618652e-02 1.849673748016357422e+00
7.326696068048477173e-02 1.871402740478515625e+00
7.485972344875335693e-02 1.892058372497558594e+00
7.645247876644134521e-02 1.911638259887695312e+00
7.804524153470993042e-02 1.930140972137451172e+00
7.963799685239791870e-02 1.947566032409667969e+00
8.123075962066650391e-02 1.963914632797241211e+00
8.282352238893508911e-02 1.979188919067382812e+00
8.441627770662307739e-02 1.993392467498779297e+00
8.600904047489166260e-02 2.006530046463012695e+00
8.760180324316024780e-02 2.018607616424560547e+00
8.919455856084823608e-02 2.029632568359375000e+00
9.078732132911682129e-02 2.039613485336303711e+00
9.238007664680480957e-02 2.048560857772827148e+00
9.397283941507339478e-02 2.056485414505004883e+00
9.556560218334197998e-02 2.063400506973266602e+00
9.715835750102996826e-02 2.069319963455200195e+00
9.875112026929855347e-02 2.074259519577026367e+00
1.003438830375671387e-01 2.078236103057861328e+00
1.019366383552551270e-01 2.081267833709716797e+00
1.035294011235237122e-01 2.083375215530395508e+00
1.051221564412117004e-01 2.084578990936279297e+00
1.067149192094802856e-01 2.084902048110961914e+00
1.083076819777488708e-01 2.084368944168090820e+00
1.099004372954368591e-01 2.083005428314208984e+00
1.114932000637054443e-01 2.080838680267333984e+00
1.130859628319740295e-01 2.077897787094116211e+00
1.146787181496620178e-01 2.074213027954101562e+00
1.162714809179306030e-01 2.069816589355468750e+00
1.178642436861991882e-01 2.064741611480712891e+00
1.194569990038871765e-01 2.059023857116699219e+00
1.210497617721557617e-01 2.052699804306030273e+00
1.226425170898437500e-01 2.045807838439941406e+00
1.242352798581123352e-01 2.038388252258300781e+00
1.258280426263809204e-01 2.030482292175292969e+00
1.274207979440689087e-01 2.022133827209472656e+00
1.290135532617568970e-01 2.013387680053710938e+00
1.306063234806060791e-01 2.004290580749511719e+00
1.321990787982940674e-01 1.994890928268432617e+00
1.337918341159820557e-01 1.985238909721374512e+00
1.353846043348312378e-01 1.975386500358581543e+00
1.369773596525192261e-01 1.965387225151062012e+00
1.385701149702072144e-01 1.955296397209167480e+00
1.401628851890563965e-01 1.945171356201171875e+00
1.417556405067443848e-01 1.935070872306823730e+00
1.433483958244323730e-01 1.925055742263793945e+00
1.449411660432815552e-01 1.915188431739807129e+00
1.465339213609695435e-01 1.905533313751220703e+00
1.481266766786575317e-01 1.896156549453735352e+00
1.497194468975067139e-01 1.887126088142395020e+00
1.513122022151947021e-01 1.878511905670166016e+00
1.529049575328826904e-01 1.870385408401489258e+00
1.544977128505706787e-01 1.862820506095886230e+00
1.560904830694198608e-01 1.855892539024353027e+00
1.576832383871078491e-01 1.849678874015808105e+00
1.592759937047958374e-01 1.844258666038513184e+00
