0.000000000000000000e+00 0.000000000000000000e+00
1.492760027758777142e-03 5.901325866580009460e-02
2.985520055517554283e-03 1.179484799504280090e-01
4.478279966861009598e-03 1.767286062240600586e-01
5.971040111035108566e-03 2.352772355079650879e-01
7.463799789547920227e-03 2.935189306735992432e-01
8.956559933722019196e-03 3.513793051242828369e-01
1.044932007789611816e-02 4.087852239608764648e-01
1.194208022207021713e-02 4.656650722026824951e-01
1.343484036624431610e-02 5.219488143920898438e-01
1.492759957909584045e-02 5.775682330131530762e-01
1.642036065459251404e-02 6.324570775032043457e-01
1.791311986744403839e-02 6.865512728691101074e-01
1.940587908029556274e-02 7.397889494895935059e-01
2.089864015579223633e-02 7.921107411384582520e-01
2.239139936864376068e-02 8.434598445892333984e-01
2.388416044414043427e-02 8.937821388244628906e-01
2.537691965699195862e-02 9.430263638496398926e-01
2.686968073248863220e-02 9.911441802978515625e-01
2.836243994534015656e-02 1.038090467453002930e+00
2.985519915819168091e-02 1.083823084831237793e+00
3.134796023368835449e-02 1.128303408622741699e+00
3.284072130918502808e-02 1.171495795249938965e+00
3.433347865939140320e-02 1.213368535041809082e+00
3.582623973488807678e-02 1.253893017768859863e+00
3.731900081038475037e-02 1.293044447898864746e+00
3.881175816059112549e-02 1.330801725387573242e+00
4.030451923608779907e-02 1.367147088050842285e+00
4.179728031158447266e-02 1.402066707611083984e+00
4.329004138708114624e-02 1.435550689697265625e+00
4.478279873728752136e-02 1.467592358589172363e+00
4.627555981278419495e-02 1.498189330101013184e+00
4.776832088828086853e-02 1.527342557907104492e+00
4.926107823848724365e-02 1.555056929588317871e+00
5.075383931398391724e-02 1.581340909004211426e+00
5.224660038948059082e-02 1.606206536293029785e+00
5.373936146497726440e-02 1.629669785499572754e+00
5.523211881518363953e-02 1.651749730110168457e+00
5.672487989068031311e-02 1.672469019889831543e+00
5.821764096617698669e-02 1.691853880882263184e+00
5.971039831638336182e-02 1.709933400154113770e+00
6.120315939188003540e-02 1.726740121841430664e+00
6.269592046737670898e-02 1.742309451103210449e+00
6.418868154287338257e-02 1.756679654121398926e+00
6.568144261837005615e-02 1.769891738891601562e+00
6.717420369386672974e-02 1.781989336013793945e+00
6.866695731878280640e-02 1.793018341064453125e+00
7.015971839427947998e-02 1.803026795387268066e+00
7.165247946977615356e-02 1.812064766883850098e+00
7.314524054527282715e-02 1.820184230804443359e+00
7.463800162076950073e-02 1.827438354492187500e+00
7.613076269626617432e-02 1.833881616592407227e+00
7.762351632118225098e-02 1.839569926261901855e+00
7.911627739667892456e-02 1.844559311866760254e+00
8.060903847217559814e-02 1.848906636238098145e+00
8.210179954767227173e-02 1.852668762207031250e+00
8.359456062316894531e-02 1.855902433395385742e+00
8.508732169866561890e-02 1.858663558959960938e+00
8.658008277416229248e-02 1.861007690429687500e+00
8.807283639907836914e-02 1.862988710403442383e+00
8.956559747457504272e-02 1.864659070968627930e+00
9.105835855007171631e-02 1.866069197654724121e+00
9.255111962556838989e-02 1.867266893386840820e+00
9.404388070106506348e-02 1.868297576904296875e+00
9.553664177656173706e-02 1.869202733039855957e+00
9.702940285205841064e-02 1.870020627975463867e+00
9.852215647697448730e-02 1.870785117149353027e+00
1.000149175524711609e-01 1.871525287628173828e+00
1.015076786279678345e-01 1.872265100479125977e+00
1.030004397034645081e-01 1.873022913932800293e+00
1.044932007789611816e-01 1.873810410499572754e+00
1.059859618544578552e-01 1.874632954597473145e+00
1.074787229299545288e-01 1.875488281250000000e+00
1.089714765548706055e-01 1.876366138458251953e+00
1.104642376303672791e-01 1.877247810363769531e+00
1.119569987058639526e-01 1.878105521202087402e+00
1.134497597813606262e-01 1.878901243209838867e+00
1.149425208568572998e-01 1.879587054252624512e+00
1.164352819323539734e-01 1.880103588104248047e+00
1.179280430078506470e-01 1.880379796028137207e+00
1.194207966327667236e-01 1.880331993103027344e+00
1.209135577082633972e-01 1.879863500595092773e+00
1.224063187837600708e-01 1.878863453865051270e+00
1.238990798592567444e-01 1.877206325531005859e+00
1.253918409347534180e-01 1.874751448631286621e+00
1.268845945596694946e-01 1.871341466903686523e+00
1.283773630857467651e-01 1.866802215576171875e+00
1.298701167106628418e-01 1.860941529273986816e+00
1.313628852367401123e-01 1.853548526763916016e+00
1.328556388616561890e-01 1.844392895698547363e+00
1.343484073877334595e-01 1.833223581314086914e+00
1.358411610126495361e-01 1.819768309593200684e+00
1.373339146375656128e-01 1.803732514381408691e+00
1.388266831636428833e-01 1.784798264503479004e+00
1.403194367885589600e-01 1.762623548507690430e+00
1.418122053146362305e-01 1.736840963363647461e+00
1.433049589395523071e-01 1.707057237625122070e+00
1.447977125644683838e-01 1.672851562500000000e+00
1.462904810905456543e-01 1.633774638175964355e+00
1.477832347154617310e-01 1.589348316192626953e+00
1.492760032415390015e-01 1.539063334465026855e+00
