0.000000000000000000e+00 0.000000000000000000e+00
1.000000014901161194e-01 7.691850420087575912e-03
2.000000029802322388e-01 1.550540328025817871e-02
3.000000119209289551e-01 2.352974936366081238e-02
4.000000059604644775e-01 3.182838112115859985e-02
5.000000000000000000e-01 4.044771194458007812e-02
6.000000238418579102e-01 4.942597821354866028e-02
6.999999880790710449e-01 5.878138914704322815e-02
8.000000119209289551e-01 6.853916496038436890e-02
8.999999761581420898e-01 7.871511578559875488e-02
1.000000000000000000e+00 8.932174742221832275e-02
