0.000000000000000000e+00 0.000000000000000000e+00
1.000000014901161194e-01 9.391994215548038483e-03
2.000000029802322388e-01 1.893259026110172272e-02
3.000000119209289551e-01 2.873057313263416290e-02
4.000000059604644775e-01 3.886346891522407532e-02
5.000000000000000000e-01 4.938794672489166260e-02
6.000000238418579102e-01 6.035069376230239868e-02
6.999999880790710449e-01 7.177394628524780273e-02
8.000000119209289551e-01 8.368850499391555786e-02
8.999999761581420898e-01 9.611365944147109985e-02
1.000000000000000000e+00 1.090646982192993164e-01
