0.000000000000000000e+00 0.000000000000000000e+00
1.592759974300861359e-03 5.166414007544517517e-02
3.185519948601722717e-03 1.032922491431236267e-01
4.778279922902584076e-03 1.548489034175872803e-01
6.371039897203445435e-03 2.062988877296447754e-01
7.963799871504306793e-03 2.576072216033935547e-01
9.556559845805168152e-03 3.087391853332519531e-01
1.114931982010602951e-02 3.596603870391845703e-01
1.274207979440689087e-02 4.103367030620574951e-01
1.433483976870775223e-02 4.607343375682830811e-01
1.592759974300861359e-02 5.108199715614318848e-01
1.752036064863204956e-02 5.605605244636535645e-01
1.911311969161033630e-02 6.099235415458679199e-01
2.070588059723377228e-02 6.588767766952514648e-01
2.229863964021205902e-02 7.073886990547180176e-01
2.389140054583549500e-02 7.554280161857604980e-01
2.548415958881378174e-02 8.029642105102539062e-01
2.707692049443721771e-02 8.499671816825866699e-01
2.866967953741550446e-02 8.964073061943054199e-01
3.026244044303894043e-02 9.422557950019836426e-01
3.185519948601722717e-02 9.874842762947082520e-01
3.344795852899551392e-02 1.032065033912658691e+00
3.504072129726409912e-02 1.075971126556396484e+00
3.663348034024238586e-02 1.119176149368286133e+00
3.822623938322067261e-02 1.161654472351074219e+00
3.981899842619895935e-02 1.203381419181823730e+00
4.141176119446754456e-02 1.244332551956176758e+00
4.300452023744583130e-02 1.284484624862670898e+00
4.459727928042411804e-02 1.323814988136291504e+00
4.619003832340240479e-02 1.362301945686340332e+00
4.778280109167098999e-02 1.399924635887145996e+00
4.937556013464927673e-02 1.436662793159484863e+00
5.096831917762756348e-02 1.472497344017028809e+00
5.256107822060585022e-02 1.507409930229187012e+00
5.415384098887443542e-02 1.541383266448974609e+00
5.574660003185272217e-02 1.574400663375854492e+00
5.733935907483100891e-02 1.606446743011474609e+00
5.893212184309959412e-02 1.637507081031799316e+00
6.052488088607788086e-02 1.667567968368530273e+00
6.211763992905616760e-02 1.696616888046264648e+00
6.371039897203445435e-02 1.724642515182495117e+00
6.530316174030303955e-02 1.751634240150451660e+00
6.689591705799102783e-02 1.777582764625549316e+00
6.848867982625961304e-02 1.802479863166809082e+00
7.008144259452819824e-02 1.826318264007568359e+00
7.167419791221618652e-02 1.849091887474060059e+00
7.326696068048477173e-02 1.870795965194702148e+00
7.485972344875335693e-02 1.891426563262939453e+00
7.645247876644134521e-02 1.910981297492980957e+00
7.804524153470993042e-02 1.929458618164062500e+00
7.963799685239791870e-02 1.946858406066894531e+00
8.123075962066650391e-02 1.963181734085083008e+00
8.282352238893508911e-02 1.978430867195129395e+00
8.441627770662307739e-02 1.992609500885009766e+00
8.600904047489166260e-02 2.005722522735595703e+00
8.760180324316024780e-02 2.017775774002075195e+00
8.919455856084823608e-02 2.028776884078979492e+00
9.078732132911682129e-02 2.038734674453735352e+00
9.238007664680480957e-02 2.047659397125244141e+00
9.397283941507339478e-02 2.055562257766723633e+00
9.556560218334197998e-02 2.062456130981445312e+00
9.715835750102996826e-02 2.068355798721313477e+00
9.875112026929855347e-02 2.073276281356811523e+00
1.003438830375671387e-01 2.077234983444213867e+00
1.019366383552551270e-01 2.080250501632690430e+00
1.035294011235237122e-01 2.082342624664306641e+00
1.051221564412117004e-01 2.083533048629760742e+00
1.067149192094802856e-01 2.083844423294067383e+00
1.083076819777488708e-01 2.083301544189453125e+00
1.099004372954368591e-01 2.081930160522460938e+00
1.114932000637054443e-01 2.079757690429687500e+00
1.130859628319740295e-01 2.076813459396362305e+00
1.146787181496620178e-01 2.073127746582031250e+00
1.162714809179306030e-01 2.068732976913452148e+00
1.178642436861991882e-01 2.063662767410278320e+00
1.194569990038871765e-01 2.057952404022216797e+00
1.210497617721557617e-01 2.051639080047607422e+00
1.226425170898437500e-01 2.044761180877685547e+00
1.242352798581123352e-01 2.037358999252319336e+00
1.258280426263809204e-01 2.029474496841430664e+00
1.274207979440689087e-01 2.021151304244995117e+00
1.290135532617568970e-01 2.012434482574462891e+00
1.306063234806060791e-01 2.003371238708496094e+00
1.321990787982940674e-01 1.994009852409362793e+00
1.337918341159820557e-01 1.984400987625122070e+00
1.353846043348312378e-01 1.974596619606018066e+00
1.369773596525192261e-01 1.964650750160217285e+00
1.385701149702072144e-01 1.954618930816650391e+00
1.401628851890563965e-01 1.944558501243591309e+00
1.417556405067443848e-01 1.934528589248657227e+00
1.433483958244323730e-01 1.924590349197387695e+00
1.449411660432815552e-01 1.914806485176086426e+00
1.465339213609695435e-01 1.905241489410400391e+00
1.481266766786575317e-01 1.895961880683898926e+00
1.497194468975067139e-01 1.887035965919494629e+00
1.513122022151947021e-01 1.878533840179443359e+00
1.529049575328826904e-01 1.870527505874633789e+00
1.544977128505706787e-01 1.863090872764587402e+00
1.560904830694198608e-01 1.856299519538879395e+00
1.576832383871078491e-01 1.850231409072875977e+00
1.592759937047958374e-01 1.844965934753417969e+00
