0.000000000000000000e+00 0.000000000000000000e+00
1.000000014901161194e-01 8.373240940272808075e-03
2.000000029802322388e-01 1.687896437942981720e-02
3.000000119209289551e-01 2.561415545642375946e-02
4.000000059604644775e-01 3.464793041348457336e-02
5.000000000000000000e-01 4.403081536293029785e-02
6.000000238418579102e-01 5.380442738533020020e-02
6.999999880790710449e-01 6.398859620094299316e-02
8.000000119209289551e-01 7.461077719926834106e-02
8.999999761581420898e-01 8.568817377090454102e-02
1.000000000000000000e+00 9.723440557718276978e-02
