0.000000000000000000e+00 0.000000000000000000e+00
1.592759974300861359e-03 5.166797712445259094e-02
3.185519948601722717e-03 1.032999604940414429e-01
4.778279922902584076e-03 1.548605710268020630e-01
6.371039897203445435e-03 2.063146233558654785e-01
7.963799871504306793e-03 2.576271593570709229e-01
9.556559845805168152e-03 3.087635636329650879e-01
1.114931982010602951e-02 3.596893548965454102e-01
1.274207979440689087e-02 4.103705585002899170e-01
1.433483976870775223e-02 4.607733786106109619e-01
1.592759974300861359e-02 5.108644962310791016e-01
1.752036064863204956e-02 5.606109499931335449e-01
1.911311969161033630e-02 6.099801659584045410e-01
2.070588059723377228e-02 6.589400768280029297e-01
2.229863964021205902e-02 7.074590921401977539e-01
2.389140054583549500e-02 7.555060386657714844e-01
2.548415958881378174e-02 8.030503392219543457e-01
2.707692049443721771e-02 8.500618934631347656e-01
2.866967953741550446e-02 8.965111970901489258e-01
3.026244044303894043e-02 9.423694014549255371e-01
3.185519948601722717e-02 9.876081943511962891e-01
3.344795852899551392e-02 1.032199859619140625e+00
3.504072129726409912e-02 1.076117515563964844e+00
3.663348034024238586e-02 1.119334816932678223e+00
3.822623938322067261e-02 1.161826014518737793e+00
3.981899842619895935e-02 1.203566431999206543e+00
4.141176119446754456e-02 1.244531750679016113e+00
4.300452023744583130e-02 1.284698605537414551e+00
4.459727928042411804e-02 1.324044585227966309e+00
4.619003832340240479e-02 1.362547874450683594e+00
4.778280109167098999e-02 1.400187373161315918e+00
4.937556013464927673e-02 1.436943173408508301e+00
5.096831917762756348e-02 1.472795963287353516e+00
5.256107822060585022e-02 1.507727384567260742e+00
5.415384098887443542e-02 1.541720151901245117e+00
5.574660003185272217e-02 1.574757814407348633e+00
5.733935907483100891e-02 1.606824636459350586e+00
5.893212184309959412e-02 1.637906312942504883e+00
6.052488088607788086e-02 1.667989134788513184e+00
6.211763992905616760e-02 1.697060585021972656e+00
6.371039897203445435e-02 1.725109100341796875e+00
6.530316174030303955e-02 1.752124309539794922e+00
6.689591705799102783e-02 1.778096795082092285e+00
6.848867982625961304e-02 1.803018212318420410e+00
7.008144259452819824e-02 1.826881170272827148e+00
7.167419791221618652e-02 1.849679827690124512e+00
7.326696068048477173e-02 1.871409058570861816e+00
7.485972344875335693e-02 1.892065167427062988e+00
7.645247876644134521e-02 1.911645412445068359e+00
7.804524153470993042e-02 1.930148363113403320e+00
7.963799685239791870e-02 1.947573900222778320e+00
8.123075962066650391e-02 1.963922858238220215e+00
8.282352238893508911e-02 1.979197621345520020e+00
8.441627770662307739e-02 1.993401527404785156e+00
8.600904047489166260e-02 2.006539583206176758e+00
8.760180324316024780e-02 2.018617630004882812e+00
8.919455856084823608e-02 2.029643058776855469e+00
9.078732132911682129e-02 2.039624452590942383e+00
9.238007664680480957e-02 2.048572063446044922e+00
9.397283941507339478e-02 2.056497335433959961e+00
9.556560218334197998e-02 2.063412904739379883e+00
9.715835750102996826e-02 2.069332838058471680e+00
9.875112026929855347e-02 2.074272871017456055e+00
1.003438830375671387e-01 2.078249931335449219e+00
1.019366383552551270e-01 2.081282377243041992e+00
1.035294011235237122e-01 2.083390235900878906e+00
1.051221564412117004e-01 2.084594488143920898e+00
1.067149192094802856e-01 2.084918260574340820e+00
1.083076819777488708e-01 2.084385871887207031e+00
1.099004372954368591e-01 2.083022832870483398e+00
1.114932000637054443e-01 2.080856800079345703e+00
1.130859628319740295e-01 2.077916383743286133e+00
1.146787181496620178e-01 2.074232339859008789e+00
1.162714809179306030e-01 2.069836378097534180e+00
1.178642436861991882e-01 2.064762115478515625e+00
1.194569990038871765e-01 2.059045076370239258e+00
1.210497617721557617e-01 2.052721738815307617e+00
1.226425170898437500e-01 2.045830249786376953e+00
1.242352798581123352e-01 2.038411378860473633e+00
1.258280426263809204e-01 2.030506134033203125e+00
1.274207979440689087e-01 2.022158384323120117e+00
1.290135532617568970e-01 2.013412952423095703e+00
1.306063234806060791e-01 2.004316329956054688e+00
1.321990787982940674e-01 1.994917511940002441e+00
1.337918341159820557e-01 1.985266208648681641e+00
1.353846043348312378e-01 1.975414514541625977e+00
1.369773596525192261e-01 1.965415835380554199e+00
1.385701149702072144e-01 1.955325841903686523e+00
1.401628851890563965e-01 1.945201516151428223e+00
1.417556405067443848e-01 1.935101747512817383e+00
1.433483958244323730e-01 1.925087332725524902e+00
1.449411660432815552e-01 1.915220737457275391e+00
1.465339213609695435e-01 1.905566334724426270e+00
1.481266766786575317e-01 1.896190166473388672e+00
1.497194468975067139e-01 1.887160420417785645e+00
1.513122022151947021e-01 1.878546953201293945e+00
1.529049575328826904e-01 1.870421171188354492e+00
1.544977128505706787e-01 1.862856984138488770e+00
1.560904830694198608e-01 1.855929732322692871e+00
1.576832383871078491e-01 1.849716663360595703e+00
1.592759937047958374e-01 1.844297170639038086e+00
