0.000000000000000000e+00 0.000000000000000000e+00
1.592759974300861359e-03 4.717738553881645203e-02
3.185519948601722717e-03 9.433227777481079102e-02
4.778279922902584076e-03 1.414426565170288086e-01
6.371039897203445435e-03 1.884866356849670410e-01
7.963799871504306793e-03 2.354423850774765015e-01
9.556559845805168152e-03 2.822882235050201416e-01
1.114931982010602951e-02 3.290025591850280762e-01
1.274207979440689087e-02 3.755639195442199707e-01
1.433483976870775223e-02 4.219509363174438477e-01
1.592759974300861359e-02 4.681423902511596680e-01
1.752036064863204956e-02 5.141171216964721680e-01
1.911311969161033630e-02 5.598541498184204102e-01
2.070588059723377228e-02 6.053325533866882324e-01
2.229863964021205902e-02 6.505317091941833496e-01
2.389140054583549500e-02 6.954308152198791504e-01
2.548415958881378174e-02 7.400095462799072266e-01
2.707692049443721771e-02 7.842475175857543945e-01
2.866967953741550446e-02 8.281245231628417969e-01
3.026244044303894043e-02 8.716204166412353516e-01
3.185519948601722717e-02 9.147153496742248535e-01
3.344795852899551392e-02 9.573895335197448730e-01
3.504072129726409912e-02 9.996232986450195312e-01
3.663348034024238586e-02 1.041397213935852051e+00
3.822623938322067261e-02 1.082691907882690430e+00
3.981899842619895935e-02 1.123488306999206543e+00
4.141176119446754456e-02 1.163767337799072266e+00
4.300452023744583130e-02 1.203510046005249023e+00
4.459727928042411804e-02 1.242697834968566895e+00
4.619003832340240479e-02 1.281312108039855957e+00
4.778280109167098999e-02 1.319334626197814941e+00
4.937556013464927673e-02 1.356747150421142578e+00
5.096831917762756348e-02 1.393531560897827148e+00
5.256107822060585022e-02 1.429670095443725586e+00
5.415384098887443542e-02 1.465144991874694824e+00
5.574660003185272217e-02 1.499938845634460449e+00
5.733935907483100891e-02 1.534034371376037598e+00
5.893212184309959412e-02 1.567414283752441406e+00
6.052488088607788086e-02 1.600061655044555664e+00
6.211763992905616760e-02 1.631959795951843262e+00
6.371039897203445435e-02 1.663092017173767090e+00
6.530316174030303955e-02 1.693442106246948242e+00
6.689591705799102783e-02 1.722993612289428711e+00
6.848867982625961304e-02 1.751730561256408691e+00
7.008144259452819824e-02 1.779637336730957031e+00
7.167419791221618652e-02 1.806698083877563477e+00
7.326696068048477173e-02 1.832897543907165527e+00
7.485972344875335693e-02 1.858220458030700684e+00
7.645247876644134521e-02 1.882651686668395996e+00
7.804524153470993042e-02 1.906176447868347168e+00
7.963799685239791870e-02 1.928780198097229004e+00
8.123075962066650391e-02 1.950448513031005859e+00
8.282352238893508911e-02 1.971167206764221191e+00
8.441627770662307739e-02 1.990922212600708008e+00
8.600904047489166260e-02 2.009699821472167969e+00
8.760180324316024780e-02 2.027486324310302734e+00
8.919455856084823608e-02 2.044268846511840820e+00
9.078732132911682129e-02 2.060033559799194336e+00
9.238007664680480957e-02 2.074768066406250000e+00
9.397283941507339478e-02 2.088459730148315430e+00
9.556560218334197998e-02 2.101095676422119141e+00
9.715835750102996826e-02 2.112663984298706055e+00
9.875112026929855347e-02 2.123152494430541992e+00
1.003438830375671387e-01 2.132549524307250977e+00
1.019366383552551270e-01 2.140843391418457031e+00
1.035294011235237122e-01 2.148023128509521484e+00
1.051221564412117004e-01 2.154077053070068359e+00
1.067149192094802856e-01 2.158994913101196289e+00
1.083076819777488708e-01 2.162765741348266602e+00
1.099004372954368591e-01 2.165379047393798828e+00
1.114932000637054443e-01 2.166825056076049805e+00
1.130859628319740295e-01 2.167093753814697266e+00
1.146787181496620178e-01 2.166175365447998047e+00
1.162714809179306030e-01 2.164060592651367188e+00
1.178642436861991882e-01 2.160740137100219727e+00
1.194569990038871765e-01 2.156205177307128906e+00
1.210497617721557617e-01 2.150446891784667969e+00
1.226425170898437500e-01 2.143457174301147461e+00
1.242352798581123352e-01 2.135227680206298828e+00
1.258280426263809204e-01 2.125750541687011719e+00
1.274207979440689087e-01 2.115017890930175781e+00
1.290135532617568970e-01 2.103022575378417969e+00
1.306063234806060791e-01 2.089757442474365234e+00
1.321990787982940674e-01 2.075215339660644531e+00
1.337918341159820557e-01 2.059389829635620117e+00
1.353846043348312378e-01 2.042274713516235352e+00
1.369773596525192261e-01 2.023863792419433594e+00
1.385701149702072144e-01 2.004150867462158203e+00
1.401628851890563965e-01 1.983130931854248047e+00
1.417556405067443848e-01 1.960798382759094238e+00
1.433483958244323730e-01 1.937148332595825195e+00
1.449411660432815552e-01 1.912175893783569336e+00
1.465339213609695435e-01 1.885876536369323730e+00
1.481266766786575317e-01 1.858246326446533203e+00
1.497194468975067139e-01 1.829281091690063477e+00
1.513122022151947021e-01 1.798977255821228027e+00
1.529049575328826904e-01 1.767331361770629883e+00
1.544977128505706787e-01 1.734340548515319824e+00
1.560904830694198608e-01 1.700001716613769531e+00
1.576832383871078491e-01 1.664312601089477539e+00
1.592759937047958374e-01 1.627270698547363281e+00
