0.000000000000000000e+00 0.000000000000000000e+00
1.592759974300861359e-03 4.608318954706192017e-02
3.185519948601722717e-03 9.214648604393005371e-02
4.778279922902584076e-03 1.381704658269882202e-01
6.371039897203445435e-03 1.841357648372650146e-01
7.963799871504306793e-03 2.300231307744979858e-01
9.556559845805168152e-03 2.758133709430694580e-01
1.114931982010602951e-02 3.214873969554901123e-01
1.274207979440689087e-02 3.670261204242706299e-01
1.433483976870775223e-02 4.124106466770172119e-01
1.592759974300861359e-02 4.576220214366912842e-01
1.752036064863204956e-02 5.026414990425109863e-01
1.911311969161033630e-02 5.474502444267272949e-01
2.070588059723377228e-02 5.920296311378479004e-01
2.229863964021205902e-02 6.363611221313476562e-01
2.389140054583549500e-02 6.804260611534118652e-01
2.548415958881378174e-02 7.242060899734497070e-01
2.707692049443721771e-02 7.676827311515808105e-01
2.866967953741550446e-02 8.108376264572143555e-01
3.026244044303894043e-02 8.536525368690490723e-01
3.185519948601722717e-02 8.961092829704284668e-01
3.344795852899551392e-02 9.381896853446960449e-01
3.504072129726409912e-02 9.798755645751953125e-01
3.663348034024238586e-02 1.021149039268493652e+00
3.822623938322067261e-02 1.061992049217224121e+00
3.981899842619895935e-02 1.102386713027954102e+00
4.141176119446754456e-02 1.142315030097961426e+00
4.300452023744583130e-02 1.181759476661682129e+00
4.459727928042411804e-02 1.220701932907104492e+00
4.619003832340240479e-02 1.259125113487243652e+00
4.778280109167098999e-02 1.297011017799377441e+00
4.937556013464927673e-02 1.334342241287231445e+00
5.096831917762756348e-02 1.371101260185241699e+00
5.256107822060585022e-02 1.407270431518554688e+00
5.415384098887443542e-02 1.442832469940185547e+00
5.574660003185272217e-02 1.477769851684570312e+00
5.733935907483100891e-02 1.512065291404724121e+00
5.893212184309959412e-02 1.545701503753662109e+00
6.052488088607788086e-02 1.578661084175109863e+00
6.211763992905616760e-02 1.610927104949951172e+00
6.371039897203445435e-02 1.642482161521911621e+00
6.530316174030303955e-02 1.673309087753295898e+00
6.689591705799102783e-02 1.703391075134277344e+00
6.848867982625961304e-02 1.732710719108581543e+00
7.008144259452819824e-02 1.761251330375671387e+00
7.167419791221618652e-02 1.788995742797851562e+00
7.326696068048477173e-02 1.815927147865295410e+00
7.485972344875335693e-02 1.842028617858886719e+00
7.645247876644134521e-02 1.867283225059509277e+00
7.804524153470993042e-02 1.891674160957336426e+00
7.963799685239791870e-02 1.915184736251831055e+00
8.123075962066650391e-02 1.937798261642456055e+00
8.282352238893508911e-02 1.959497809410095215e+00
8.441627770662307739e-02 1.980266809463500977e+00
8.600904047489166260e-02 2.000088691711425781e+00
8.760180324316024780e-02 2.018946647644042969e+00
8.919455856084823608e-02 2.036824226379394531e+00
9.078732132911682129e-02 2.053704738616943359e+00
9.238007664680480957e-02 2.069571971893310547e+00
9.397283941507339478e-02 2.084408998489379883e+00
9.556560218334197998e-02 2.098199605941772461e+00
9.715835750102996826e-02 2.110927343368530273e+00
9.875112026929855347e-02 2.122575759887695312e+00
1.003438830375671387e-01 2.133128643035888672e+00
1.019366383552551270e-01 2.142569065093994141e+00
1.035294011235237122e-01 2.150881290435791016e+00
1.051221564412117004e-01 2.158048629760742188e+00
1.067149192094802856e-01 2.164055109024047852e+00
1.083076819777488708e-01 2.168884038925170898e+00
1.099004372954368591e-01 2.172519445419311523e+00
1.114932000637054443e-01 2.174944877624511719e+00
1.130859628319740295e-01 2.176144361495971680e+00
1.146787181496620178e-01 2.176101684570312500e+00
1.162714809179306030e-01 2.174800634384155273e+00
1.178642436861991882e-01 2.172224760055541992e+00
1.194569990038871765e-01 2.168358325958251953e+00
1.210497617721557617e-01 2.163185119628906250e+00
1.226425170898437500e-01 2.156688690185546875e+00
1.242352798581123352e-01 2.148853540420532227e+00
1.258280426263809204e-01 2.139662981033325195e+00
1.274207979440689087e-01 2.129101514816284180e+00
1.290135532617568970e-01 2.117152690887451172e+00
1.306063234806060791e-01 2.103800535202026367e+00
1.321990787982940674e-01 2.089029073715209961e+00
1.337918341159820557e-01 2.072822332382202148e+00
1.353846043348312378e-01 2.055164098739624023e+00
1.369773596525192261e-01 2.036038875579833984e+00
1.385701149702072144e-01 2.015429973602294922e+00
1.401628851890563965e-01 1.993322134017944336e+00
1.417556405067443848e-01 1.969698905944824219e+00
1.433483958244323730e-01 1.944547057151794434e+00
1.449411660432815552e-01 1.917845606803894043e+00
1.465339213609695435e-01 1.889580965042114258e+00
1.481266766786575317e-01 1.859737396240234375e+00
1.497194468975067139e-01 1.828298807144165039e+00
1.513122022151947021e-01 1.795249462127685547e+00
1.529049575328826904e-01 1.760573267936706543e+00
1.544977128505706787e-01 1.724254488945007324e+00
1.560904830694198608e-01 1.686277031898498535e+00
1.576832383871078491e-01 1.646625041961669922e+00
1.592759937047958374e-01 1.605282664299011230e+00
