0.000000000000000000e+00 0.000000000000000000e+00
1.492760027758777142e-03 4.922213777899742126e-02
2.985520055517554283e-03 9.840837121009826660e-02
4.478279966861009598e-03 1.475233733654022217e-01
5.971040111035108566e-03 1.965320557355880737e-01
7.463799789547920227e-03 2.453996837139129639e-01
8.956559933722019196e-03 2.940918207168579102e-01
1.044932007789611816e-02 3.425744473934173584e-01
1.194208022207021713e-02 3.908140957355499268e-01
1.343484036624431610e-02 4.387776851654052734e-01
1.492759957909584045e-02 4.864327311515808105e-01
1.642036065459251404e-02 5.337474346160888672e-01
1.791311986744403839e-02 5.806905627250671387e-01
1.940587908029556274e-02 6.272316575050354004e-01
2.089864015579223633e-02 6.733408570289611816e-01
2.239139936864376068e-02 7.189893126487731934e-01
2.388416044414043427e-02 7.641488313674926758e-01
2.537691965699195862e-02 8.087920546531677246e-01
2.686968073248863220e-02 8.528926968574523926e-01
2.836243994534015656e-02 8.964253664016723633e-01
2.985519915819168091e-02 9.393655061721801758e-01
3.134796023368835449e-02 9.816896915435791016e-01
3.284072130918502808e-02 1.023375511169433594e+00
3.433347865939140320e-02 1.064401745796203613e+00
3.582623973488807678e-02 1.104748010635375977e+00
3.731900081038475037e-02 1.144395232200622559e+00
3.881175816059112549e-02 1.183325409889221191e+00
4.030451923608779907e-02 1.221521854400634766e+00
4.179728031158447266e-02 1.258968830108642578e+00
4.329004138708114624e-02 1.295652031898498535e+00
4.478279873728752136e-02 1.331558346748352051e+00
4.627555981278419495e-02 1.366675734519958496e+00
4.776832088828086853e-02 1.400993466377258301e+00
4.926107823848724365e-02 1.434502363204956055e+00
5.075383931398391724e-02 1.467194080352783203e+00
5.224660038948059082e-02 1.499061822891235352e+00
5.373936146497726440e-02 1.530099987983703613e+00
5.523211881518363953e-02 1.560304284095764160e+00
5.672487989068031311e-02 1.589671730995178223e+00
5.821764096617698669e-02 1.618200659751892090e+00
5.971039831638336182e-02 1.645890355110168457e+00
6.120315939188003540e-02 1.672741770744323730e+00
6.269592046737670898e-02 1.698756933212280273e+00
6.418868154287338257e-02 1.723939061164855957e+00
6.568144261837005615e-02 1.748292803764343262e+00
6.717420369386672974e-02 1.771823763847351074e+00
6.866695731878280640e-02 1.794538974761962891e+00
7.015971839427947998e-02 1.816446304321289062e+00
7.165247946977615356e-02 1.837555170059204102e+00
7.314524054527282715e-02 1.857875704765319824e+00
7.463800162076950073e-02 1.877419352531433105e+00
7.613076269626617432e-02 1.896198749542236328e+00
7.762351632118225098e-02 1.914227008819580078e+00
7.911627739667892456e-02 1.931518912315368652e+00
8.060903847217559814e-02 1.948089599609375000e+00
8.210179954767227173e-02 1.963955283164978027e+00
8.359456062316894531e-02 1.979133248329162598e+00
8.508732169866561890e-02 1.993641257286071777e+00
8.658008277416229248e-02 2.007497787475585938e+00
8.807283639907836914e-02 2.020722389221191406e+00
8.956559747457504272e-02 2.033334970474243164e+00
9.105835855007171631e-02 2.045355796813964844e+00
9.255111962556838989e-02 2.056806087493896484e+00
9.404388070106506348e-02 2.067707061767578125e+00
9.553664177656173706e-02 2.078080654144287109e+00
9.702940285205841064e-02 2.087949037551879883e+00
9.852215647697448730e-02 2.097334146499633789e+00
1.000149175524711609e-01 2.106258869171142578e+00
1.015076786279678345e-01 2.114745378494262695e+00
1.030004397034645081e-01 2.122816324234008789e+00
1.044932007789611816e-01 2.130493879318237305e+00
1.059859618544578552e-01 2.137800455093383789e+00
1.074787229299545288e-01 2.144757509231567383e+00
1.089714765548706055e-01 2.151387214660644531e+00
1.104642376303672791e-01 2.157709836959838867e+00
1.119569987058639526e-01 2.163746118545532227e+00
1.134497597813606262e-01 2.169515609741210938e+00
1.149425208568572998e-01 2.175037384033203125e+00
1.164352819323539734e-01 2.180329322814941406e+00
1.179280430078506470e-01 2.185408115386962891e+00
1.194207966327667236e-01 2.190289974212646484e+00
1.209135577082633972e-01 2.194988965988159180e+00
1.224063187837600708e-01 2.199518680572509766e+00
1.238990798592567444e-01 2.203890562057495117e+00
1.253918409347534180e-01 2.208114147186279297e+00
1.268845945596694946e-01 2.212198257446289062e+00
1.283773630857467651e-01 2.216148614883422852e+00
1.298701167106628418e-01 2.219969749450683594e+00
1.313628852367401123e-01 2.223663568496704102e+00
1.328556388616561890e-01 2.227229595184326172e+00
1.343484073877334595e-01 2.230665206909179688e+00
1.358411610126495361e-01 2.233964681625366211e+00
1.373339146375656128e-01 2.237119913101196289e+00
1.388266831636428833e-01 2.240119218826293945e+00
1.403194367885589600e-01 2.242948770523071289e+00
1.418122053146362305e-01 2.245590686798095703e+00
1.433049589395523071e-01 2.248023509979248047e+00
1.447977125644683838e-01 2.250222921371459961e+00
1.462904810905456543e-01 2.252160072326660156e+00
1.477832347154617310e-01 2.253802537918090820e+00
1.492760032415390015e-01 2.255113601684570312e+00
