0.000000000000000000e+00 0.000000000000000000e+00
1.592759974300861359e-03 5.166742205619812012e-02
3.185519948601722717e-03 1.032988578081130981e-01
4.778279922902584076e-03 1.548589020967483521e-01
6.371039897203445435e-03 2.063124030828475952e-01
7.963799871504306793e-03 2.576244175434112549e-01
9.556559845805168152e-03 3.087602555751800537e-01
1.114931982010602951e-02 3.596855401992797852e-01
1.274207979440689087e-02 4.103661775588989258e-01
1.433483976870775223e-02 4.607684910297393799e-01
1.592759974300861359e-02 5.108590722084045410e-01
1.752036064863204956e-02 5.606050491333007812e-01
1.911311969161033630e-02 6.099737882614135742e-01
2.070588059723377228e-02 6.589332222938537598e-01
2.229863964021205902e-02 7.074517607688903809e-01
2.389140054583549500e-02 7.554982304573059082e-01
2.548415958881378174e-02 8.030420541763305664e-01
2.707692049443721771e-02 8.500531911849975586e-01
2.866967953741550446e-02 8.965020775794982910e-01
3.026244044303894043e-02 9.423598647117614746e-01
3.185519948601722717e-02 9.875982999801635742e-01
3.344795852899551392e-02 1.032189607620239258e+00
3.504072129726409912e-02 1.076106905937194824e+00
3.663348034024238586e-02 1.119323730468750000e+00
3.822623938322067261e-02 1.161814689636230469e+00
3.981899842619895935e-02 1.203554749488830566e+00
4.141176119446754456e-02 1.244519829750061035e+00
4.300452023744583130e-02 1.284686446189880371e+00
4.459727928042411804e-02 1.324032068252563477e+00
4.619003832340240479e-02 1.362535119056701660e+00
4.778280109167098999e-02 1.400174379348754883e+00
4.937556013464927673e-02 1.436929941177368164e+00
5.096831917762756348e-02 1.472782492637634277e+00
5.256107822060585022e-02 1.507713794708251953e+00
5.415384098887443542e-02 1.541706442832946777e+00
5.574660003185272217e-02 1.574743866920471191e+00
5.733935907483100891e-02 1.606810688972473145e+00
5.893212184309959412e-02 1.637892127037048340e+00
6.052488088607788086e-02 1.667974829673767090e+00
6.211763992905616760e-02 1.697046279907226562e+00
6.371039897203445435e-02 1.725094676017761230e+00
6.530316174030303955e-02 1.752109885215759277e+00
6.689591705799102783e-02 1.778082251548767090e+00
6.848867982625961304e-02 1.803003549575805664e+00
7.008144259452819824e-02 1.826866626739501953e+00
7.167419791221618652e-02 1.849665164947509766e+00
7.326696068048477173e-02 1.871394395828247070e+00
7.485972344875335693e-02 1.892050385475158691e+00
7.645247876644134521e-02 1.911630630493164062e+00
7.804524153470993042e-02 1.930133700370788574e+00
7.963799685239791870e-02 1.947559118270874023e+00
8.123075962066650391e-02 1.963908076286315918e+00
8.282352238893508911e-02 1.979182839393615723e+00
8.441627770662307739e-02 1.993386745452880859e+00
8.600904047489166260e-02 2.006524562835693359e+00
8.760180324316024780e-02 2.018602609634399414e+00
8.919455856084823608e-02 2.029628038406372070e+00
9.078732132911682129e-02 2.039609432220458984e+00
9.238007664680480957e-02 2.048557043075561523e+00
9.397283941507339478e-02 2.056482076644897461e+00
9.556560218334197998e-02 2.063397407531738281e+00
9.715835750102996826e-02 2.069317340850830078e+00
9.875112026929855347e-02 2.074257135391235352e+00
1.003438830375671387e-01 2.078233957290649414e+00
1.019366383552551270e-01 2.081266164779663086e+00
1.035294011235237122e-01 2.083373546600341797e+00
1.051221564412117004e-01 2.084577560424804688e+00
1.067149192094802856e-01 2.084901094436645508e+00
1.083076819777488708e-01 2.084367990493774414e+00
1.099004372954368591e-01 2.083004713058471680e+00
1.114932000637054443e-01 2.080837965011596680e+00
1.130859628319740295e-01 2.077897071838378906e+00
1.146787181496620178e-01 2.074212312698364258e+00
1.162714809179306030e-01 2.069815635681152344e+00
1.178642436861991882e-01 2.064740657806396484e+00
1.194569990038871765e-01 2.059022665023803711e+00
1.210497617721557617e-01 2.052698373794555664e+00
1.226425170898437500e-01 2.045805931091308594e+00
1.242352798581123352e-01 2.038385868072509766e+00
1.258280426263809204e-01 2.030479431152343750e+00
1.274207979440689087e-01 2.022130250930786133e+00
1.290135532617568970e-01 2.013383388519287109e+00
1.306063234806060791e-01 2.004285335540771484e+00
1.321990787982940674e-01 1.994884729385375977e+00
1.337918341159820557e-01 1.985231637954711914e+00
1.353846043348312378e-01 1.975377917289733887e+00
1.369773596525192261e-01 1.965377330780029297e+00
1.385701149702072144e-01 1.955285072326660156e+00
1.401628851890563965e-01 1.945158362388610840e+00
1.417556405067443848e-01 1.935056090354919434e+00
1.433483958244323730e-01 1.925038933753967285e+00
1.449411660432815552e-01 1.915169596672058105e+00
1.465339213609695435e-01 1.905512094497680664e+00
1.481266766786575317e-01 1.896132826805114746e+00
1.497194468975067139e-01 1.887099742889404297e+00
1.513122022151947021e-01 1.878482580184936523e+00
1.529049575328826904e-01 1.870353102684020996e+00
1.544977128505706787e-01 1.862784862518310547e+00
1.560904830694198608e-01 1.855853438377380371e+00
1.576832383871078491e-01 1.849635958671569824e+00
1.592759937047958374e-01 1.844211816787719727e+00
