0.000000000000000000e+00 0.000000000000000000e+00
1.592759974300861359e-03 5.166849493980407715e-02
3.185519948601722717e-03 1.033009961247444153e-01
4.778279922902584076e-03 1.548621207475662231e-01
6.371039897203445435e-03 2.063166797161102295e-01
7.963799871504306793e-03 2.576297521591186523e-01
9.556559845805168152e-03 3.087666332721710205e-01
1.114931982010602951e-02 3.596929609775543213e-01
1.274207979440689087e-02 4.103746414184570312e-01
1.433483976870775223e-02 4.607779681682586670e-01
1.592759974300861359e-02 5.108696222305297852e-01
1.752036064863204956e-02 5.606165528297424316e-01
1.911311969161033630e-02 6.099862456321716309e-01
2.070588059723377228e-02 6.589466929435729980e-01
2.229863964021205902e-02 7.074661850929260254e-01
2.389140054583549500e-02 7.555136084556579590e-01
2.548415958881378174e-02 8.030583262443542480e-01
2.707692049443721771e-02 8.500703573226928711e-01
2.866967953741550446e-02 8.965201973915100098e-01
3.026244044303894043e-02 9.423788189888000488e-01
3.185519948601722717e-02 9.876180887222290039e-01
3.344795852899551392e-02 1.032210230827331543e+00
3.504072129726409912e-02 1.076128244400024414e+00
3.663348034024238586e-02 1.119346022605895996e+00
3.822623938322067261e-02 1.161837697029113770e+00
3.981899842619895935e-02 1.203578352928161621e+00
4.141176119446754456e-02 1.244544148445129395e+00
4.300452023744583130e-02 1.284711480140686035e+00
4.459727928042411804e-02 1.324057817459106445e+00
4.619003832340240479e-02 1.362561464309692383e+00
4.778280109167098999e-02 1.400201320648193359e+00
4.937556013464927673e-02 1.436957478523254395e+00
5.096831917762756348e-02 1.472810506820678711e+00
5.256107822060585022e-02 1.507742404937744141e+00
5.415384098887443542e-02 1.541735529899597168e+00
5.574660003185272217e-02 1.574773430824279785e+00
5.733935907483100891e-02 1.606840610504150391e+00
5.893212184309959412e-02 1.637922525405883789e+00
6.052488088607788086e-02 1.668005585670471191e+00
6.211763992905616760e-02 1.697077274322509766e+00
6.371039897203445435e-02 1.725126147270202637e+00
6.530316174030303955e-02 1.752141594886779785e+00
6.689591705799102783e-02 1.778114318847656250e+00
6.848867982625961304e-02 1.803035855293273926e+00
7.008144259452819824e-02 1.826899051666259766e+00
7.167419791221618652e-02 1.849697947502136230e+00
7.326696068048477173e-02 1.871427297592163086e+00
7.485972344875335693e-02 1.892083525657653809e+00
7.645247876644134521e-02 1.911663889884948730e+00
7.804524153470993042e-02 1.930167078971862793e+00
7.963799685239791870e-02 1.947592616081237793e+00
8.123075962066650391e-02 1.963941693305969238e+00
8.282352238893508911e-02 1.979216575622558594e+00
8.441627770662307739e-02 1.993420600891113281e+00
8.600904047489166260e-02 2.006558418273925781e+00
8.760180324316024780e-02 2.018636465072631836e+00
8.919455856084823608e-02 2.029661893844604492e+00
9.078732132911682129e-02 2.039643526077270508e+00
9.238007664680480957e-02 2.048591136932373047e+00
9.397283941507339478e-02 2.056516408920288086e+00
9.556560218334197998e-02 2.063431739807128906e+00
9.715835750102996826e-02 2.069351673126220703e+00
9.875112026929855347e-02 2.074291706085205078e+00
1.003438830375671387e-01 2.078268527984619141e+00
1.019366383552551270e-01 2.081300735473632812e+00
1.035294011235237122e-01 2.083408355712890625e+00
1.051221564412117004e-01 2.084612607955932617e+00
1.067149192094802856e-01 2.084936141967773438e+00
1.083076819777488708e-01 2.084403276443481445e+00
1.099004372954368591e-01 2.083040237426757812e+00
1.114932000637054443e-01 2.080873727798461914e+00
1.130859628319740295e-01 2.077933073043823242e+00
1.146787181496620178e-01 2.074248790740966797e+00
1.162714809179306030e-01 2.069852352142333984e+00
1.178642436861991882e-01 2.064777851104736328e+00
1.194569990038871765e-01 2.059060335159301758e+00
1.210497617721557617e-01 2.052736520767211914e+00
1.226425170898437500e-01 2.045844793319702148e+00
1.242352798581123352e-01 2.038425445556640625e+00
1.258280426263809204e-01 2.030519723892211914e+00
1.274207979440689087e-01 2.022171497344970703e+00
1.290135532617568970e-01 2.013425350189208984e+00
1.306063234806060791e-01 2.004328489303588867e+00
1.321990787982940674e-01 1.994928836822509766e+00
1.337918341159820557e-01 1.985276937484741211e+00
1.353846043348312378e-01 1.975424528121948242e+00
1.369773596525192261e-01 1.965425372123718262e+00
1.385701149702072144e-01 1.955334544181823730e+00
1.401628851890563965e-01 1.945209503173828125e+00
1.417556405067443848e-01 1.935109019279479980e+00
1.433483958244323730e-01 1.925093770027160645e+00
1.449411660432815552e-01 1.915226459503173828e+00
1.465339213609695435e-01 1.905571103096008301e+00
1.481266766786575317e-01 1.896194219589233398e+00
1.497194468975067139e-01 1.887163639068603516e+00
1.513122022151947021e-01 1.878549098968505859e+00
1.529049575328826904e-01 1.870422482490539551e+00
1.544977128505706787e-01 1.862857341766357422e+00
1.560904830694198608e-01 1.855929017066955566e+00
1.576832383871078491e-01 1.849714994430541992e+00
1.592759937047958374e-01 1.844294428825378418e+00
