0.000000000000000000e+00 0.000000000000000000e+00
1.592759974300861359e-03 4.659108072519302368e-02
3.185519948601722717e-03 9.316133707761764526e-02
4.778279922902584076e-03 1.396904140710830688e-01
6.371039897203445435e-03 1.861580759286880493e-01
7.963799871504306793e-03 2.325441241264343262e-01
9.556559845805168152e-03 2.788285017013549805e-01
1.114931982010602951e-02 3.249911665916442871e-01
1.274207979440689087e-02 3.710122406482696533e-01
1.433483976870775223e-02 4.168719053268432617e-01
1.592759974300861359e-02 4.625504016876220703e-01
1.752036064863204956e-02 5.080280900001525879e-01
1.911311969161033630e-02 5.532854199409484863e-01
2.070588059723377228e-02 5.983028411865234375e-01
2.229863964021205902e-02 6.430611014366149902e-01
2.389140054583549500e-02 6.875407695770263672e-01
2.548415958881378174e-02 7.317227125167846680e-01
2.707692049443721771e-02 7.755877375602722168e-01
2.866967953741550446e-02 8.191168904304504395e-01
3.026244044303894043e-02 8.622910976409912109e-01
3.185519948601722717e-02 9.050916433334350586e-01
3.344795852899551392e-02 9.474995732307434082e-01
3.504072129726409912e-02 9.894963502883911133e-01
3.663348034024238586e-02 1.031063199043273926e+00
3.822623938322067261e-02 1.072181820869445801e+00
3.981899842619895935e-02 1.112833619117736816e+00
4.141176119446754456e-02 1.153000235557556152e+00
4.300452023744583130e-02 1.192663550376892090e+00
4.459727928042411804e-02 1.231805205345153809e+00
4.619003832340240479e-02 1.270407199859619141e+00
4.778280109167098999e-02 1.308451533317565918e+00
4.937556013464927673e-02 1.345920324325561523e+00
5.096831917762756348e-02 1.382795691490173340e+00
5.256107822060585022e-02 1.419059991836547852e+00
5.415384098887443542e-02 1.454695343971252441e+00
5.574660003185272217e-02 1.489684462547302246e+00
5.733935907483100891e-02 1.524009585380554199e+00
5.893212184309959412e-02 1.557653546333312988e+00
6.052488088607788086e-02 1.590598821640014648e+00
6.211763992905616760e-02 1.622828364372253418e+00
6.371039897203445435e-02 1.654325008392333984e+00
6.530316174030303955e-02 1.685071587562561035e+00
6.689591705799102783e-02 1.715051293373107910e+00
6.848867982625961304e-02 1.744247078895568848e+00
7.008144259452819824e-02 1.772642254829406738e+00
7.167419791221618652e-02 1.800220012664794922e+00
7.326696068048477173e-02 1.826963901519775391e+00
7.485972344875335693e-02 1.852857112884521484e+00
7.645247876644134521e-02 1.877883434295654297e+00
7.804524153470993042e-02 1.902026414871215820e+00
7.963799685239791870e-02 1.925269842147827148e+00
8.123075962066650391e-02 1.947597384452819824e+00
8.282352238893508911e-02 1.968992948532104492e+00
8.441627770662307739e-02 1.989440679550170898e+00
8.600904047489166260e-02 2.008924484252929688e+00
8.760180324316024780e-02 2.027428388595581055e+00
8.919455856084823608e-02 2.044936895370483398e+00
9.078732132911682129e-02 2.061434268951416016e+00
9.238007664680480957e-02 2.076904773712158203e+00
9.397283941507339478e-02 2.091332912445068359e+00
9.556560218334197998e-02 2.104703426361083984e+00
9.715835750102996826e-02 2.117000579833984375e+00
9.875112026929855347e-02 2.128209590911865234e+00
1.003438830375671387e-01 2.138315200805664062e+00
1.019366383552551270e-01 2.147302150726318359e+00
1.035294011235237122e-01 2.155155420303344727e+00
1.051221564412117004e-01 2.161860227584838867e+00
1.067149192094802856e-01 2.167401790618896484e+00
1.083076819777488708e-01 2.171765327453613281e+00
1.099004372954368591e-01 2.174936056137084961e+00
1.114932000637054443e-01 2.176899433135986328e+00
1.130859628319740295e-01 2.177640914916992188e+00
1.146787181496620178e-01 2.177146434783935547e+00
1.162714809179306030e-01 2.175401210784912109e+00
1.178642436861991882e-01 2.172391414642333984e+00
1.194569990038871765e-01 2.168102502822875977e+00
1.210497617721557617e-01 2.162520885467529297e+00
1.226425170898437500e-01 2.155632257461547852e+00
1.242352798581123352e-01 2.147422790527343750e+00
1.258280426263809204e-01 2.137878894805908203e+00
1.274207979440689087e-01 2.126986503601074219e+00
1.290135532617568970e-01 2.114732027053833008e+00
1.306063234806060791e-01 2.101102113723754883e+00
1.321990787982940674e-01 2.086083412170410156e+00
1.337918341159820557e-01 2.069662094116210938e+00
1.353846043348312378e-01 2.051825284957885742e+00
1.369773596525192261e-01 2.032559633255004883e+00
1.385701149702072144e-01 2.011852025985717773e+00
1.401628851890563965e-01 1.989689230918884277e+00
1.417556405067443848e-01 1.966058611869812012e+00
1.433483958244323730e-01 1.940947175025939941e+00
1.449411660432815552e-01 1.914342164993286133e+00
1.465339213609695435e-01 1.886230826377868652e+00
1.481266766786575317e-01 1.856600642204284668e+00
1.497194468975067139e-01 1.825438976287841797e+00
1.513122022151947021e-01 1.792733430862426758e+00
1.529049575328826904e-01 1.758471846580505371e+00
1.544977128505706787e-01 1.722641706466674805e+00
1.560904830694198608e-01 1.685230970382690430e+00
1.576832383871078491e-01 1.646227478981018066e+00
1.592759937047958374e-01 1.605619311332702637e+00
