0.000000000000000000e+00 0.000000000000000000e+00
1.592759974300861359e-03 4.680998623371124268e-02
3.185519948601722717e-03 9.359857439994812012e-02
4.778279922902584076e-03 1.403448432683944702e-01
6.371039897203445435e-03 1.870279610157012939e-01
7.963799871504306793e-03 2.336271852254867554e-01
9.556559845805168152e-03 2.801218926906585693e-01
1.114931982010602951e-02 3.264915347099304199e-01
1.274207979440689087e-02 3.727156221866607666e-01
1.433483976870775223e-02 4.187738597393035889e-01
1.592759974300861359e-02 4.646459519863128662e-01
1.752036064863204956e-02 5.103117823600769043e-01
1.911311969161033630e-02 5.557512044906616211e-01
2.070588059723377228e-02 6.009443998336791992e-01
2.229863964021205902e-02 6.458713412284851074e-01
2.389140054583549500e-02 6.905124187469482422e-01
2.548415958881378174e-02 7.348479628562927246e-01
2.707692049443721771e-02 7.788583636283874512e-01
2.866967953741550446e-02 8.225241899490356445e-01
3.026244044303894043e-02 8.658261299133300781e-01
3.185519948601722717e-02 9.087449908256530762e-01
3.344795852899551392e-02 9.512615799903869629e-01
3.504072129726409912e-02 9.933569431304931641e-01
3.663348034024238586e-02 1.035012125968933105e+00
3.822623938322067261e-02 1.076208472251892090e+00
3.981899842619895935e-02 1.116927027702331543e+00
4.141176119446754456e-02 1.157149553298950195e+00
4.300452023744583130e-02 1.196857333183288574e+00
4.459727928042411804e-02 1.236032128334045410e+00
4.619003832340240479e-02 1.274655580520629883e+00
4.778280109167098999e-02 1.312709808349609375e+00
4.937556013464927673e-02 1.350176692008972168e+00
5.096831917762756348e-02 1.387038230895996094e+00
5.256107822060585022e-02 1.423276782035827637e+00
5.415384098887443542e-02 1.458874702453613281e+00
5.574660003185272217e-02 1.493814468383789062e+00
5.733935907483100891e-02 1.528078556060791016e+00
5.893212184309959412e-02 1.561649680137634277e+00
6.052488088607788086e-02 1.594510793685913086e+00
6.211763992905616760e-02 1.626644730567932129e+00
6.371039897203445435e-02 1.658034682273864746e+00
6.530316174030303955e-02 1.688663721084594727e+00
6.689591705799102783e-02 1.718515038490295410e+00
6.848867982625961304e-02 1.747572422027587891e+00
7.008144259452819824e-02 1.775819063186645508e+00
7.167419791221618652e-02 1.803238987922668457e+00
7.326696068048477173e-02 1.829815745353698730e+00
7.485972344875335693e-02 1.855533242225646973e+00
7.645247876644134521e-02 1.880375862121582031e+00
7.804524153470993042e-02 1.904327392578125000e+00
7.963799685239791870e-02 1.927372455596923828e+00
8.123075962066650391e-02 1.949495434761047363e+00
8.282352238893508911e-02 1.970680832862854004e+00
8.441627770662307739e-02 1.990913391113281250e+00
8.600904047489166260e-02 2.010177850723266602e+00
8.760180324316024780e-02 2.028459310531616211e+00
8.919455856084823608e-02 2.045742988586425781e+00
9.078732132911682129e-02 2.062013864517211914e+00
9.238007664680480957e-02 2.077257156372070312e+00
9.397283941507339478e-02 2.091458797454833984e+00
9.556560218334197998e-02 2.104604244232177734e+00
9.715835750102996826e-02 2.116679430007934570e+00
9.875112026929855347e-02 2.127669811248779297e+00
1.003438830375671387e-01 2.137561798095703125e+00
1.019366383552551270e-01 2.146341323852539062e+00
1.035294011235237122e-01 2.153995037078857422e+00
1.051221564412117004e-01 2.160509109497070312e+00
1.067149192094802856e-01 2.165870189666748047e+00
1.083076819777488708e-01 2.170064926147460938e+00
1.099004372954368591e-01 2.173080205917358398e+00
1.114932000637054443e-01 2.174903154373168945e+00
1.130859628319740295e-01 2.175521135330200195e+00
1.146787181496620178e-01 2.174920797348022461e+00
1.162714809179306030e-01 2.173090219497680664e+00
1.178642436861991882e-01 2.170016527175903320e+00
1.194569990038871765e-01 2.165687561035156250e+00
1.210497617721557617e-01 2.160091161727905273e+00
1.226425170898437500e-01 2.153215408325195312e+00
1.242352798581123352e-01 2.145048379898071289e+00
1.258280426263809204e-01 2.135578632354736328e+00
1.274207979440689087e-01 2.124794006347656250e+00
1.290135532617568970e-01 2.112683773040771484e+00
1.306063234806060791e-01 2.099236011505126953e+00
1.321990787982940674e-01 2.084439992904663086e+00
1.337918341159820557e-01 2.068284749984741211e+00
1.353846043348312378e-01 2.050759315490722656e+00
1.369773596525192261e-01 2.031852960586547852e+00
1.385701149702072144e-01 2.011555194854736328e+00
1.401628851890563965e-01 1.989855647087097168e+00
1.417556405067443848e-01 1.966744184494018555e+00
1.433483958244323730e-01 1.942210555076599121e+00
1.449411660432815552e-01 1.916244983673095703e+00
1.465339213609695435e-01 1.888837695121765137e+00
1.481266766786575317e-01 1.859978914260864258e+00
1.497194468975067139e-01 1.829659223556518555e+00
1.513122022151947021e-01 1.797869324684143066e+00
1.529049575328826904e-01 1.764600038528442383e+00
1.544977128505706787e-01 1.729842424392700195e+00
1.560904830694198608e-01 1.693587541580200195e+00
1.576832383871078491e-01 1.655826687812805176e+00
1.592759937047958374e-01 1.616551280021667480e+00
