0.000000000000000000e+00 0.000000000000000000e+00
1.592759974300861359e-03 5.166362226009368896e-02
3.185519948601722717e-03 1.032912135124206543e-01
4.778279922902584076e-03 1.548473536968231201e-01
6.371039897203445435e-03 2.062968164682388306e-01
7.963799871504306793e-03 2.576046288013458252e-01
9.556559845805168152e-03 3.087360858917236328e-01
1.114931982010602951e-02 3.596567809581756592e-01
1.274207979440689087e-02 4.103325605392456055e-01
1.433483976870775223e-02 4.607296884059906006e-01
1.592759974300861359e-02 5.108147859573364258e-01
1.752036064863204956e-02 5.605548620223999023e-01
1.911311969161033630e-02 6.099173426628112793e-01
2.070588059723377228e-02 6.588701009750366211e-01
2.229863964021205902e-02 7.073814272880554199e-01
2.389140054583549500e-02 7.554202675819396973e-01
2.548415958881378174e-02 8.029559254646301270e-01
2.707692049443721771e-02 8.499583601951599121e-01
2.866967953741550446e-02 8.963980078697204590e-01
3.026244044303894043e-02 9.422459602355957031e-01
3.185519948601722717e-02 9.874739050865173340e-01
3.344795852899551392e-02 1.032054185867309570e+00
3.504072129726409912e-02 1.075959682464599609e+00
3.663348034024238586e-02 1.119164228439331055e+00
3.822623938322067261e-02 1.161642074584960938e+00
3.981899842619895935e-02 1.203368425369262695e+00
4.141176119446754456e-02 1.244319081306457520e+00
4.300452023744583130e-02 1.284470677375793457e+00
4.459727928042411804e-02 1.323800563812255859e+00
4.619003832340240479e-02 1.362287044525146484e+00
4.778280109167098999e-02 1.399909138679504395e+00
4.937556013464927673e-02 1.436646819114685059e+00
5.096831917762756348e-02 1.472480893135070801e+00
5.256107822060585022e-02 1.507392883300781250e+00
5.415384098887443542e-02 1.541365623474121094e+00
5.574660003185272217e-02 1.574382543563842773e+00
5.733935907483100891e-02 1.606428146362304688e+00
5.893212184309959412e-02 1.637487888336181641e+00
6.052488088607788086e-02 1.667548298835754395e+00
6.211763992905616760e-02 1.696596741676330566e+00
6.371039897203445435e-02 1.724621772766113281e+00
6.530316174030303955e-02 1.751613020896911621e+00
6.689591705799102783e-02 1.777561068534851074e+00
6.848867982625961304e-02 1.802457571029663086e+00
7.008144259452819824e-02 1.826295495033264160e+00
7.167419791221618652e-02 1.849068641662597656e+00
7.326696068048477173e-02 1.870772123336791992e+00
7.485972344875335693e-02 1.891402244567871094e+00
7.645247876644134521e-02 1.910956382751464844e+00
7.804524153470993042e-02 1.929433226585388184e+00
7.963799685239791870e-02 1.946832537651062012e+00
8.123075962066650391e-02 1.963155269622802734e+00
8.282352238893508911e-02 1.978404045104980469e+00
8.441627770662307739e-02 1.992582082748413086e+00
8.600904047489166260e-02 2.005694389343261719e+00
8.760180324316024780e-02 2.017747163772583008e+00
8.919455856084823608e-02 2.028747797012329102e+00
9.078732132911682129e-02 2.038705110549926758e+00
9.238007664680480957e-02 2.047629356384277344e+00
9.397283941507339478e-02 2.055531740188598633e+00
9.556560218334197998e-02 2.062425136566162109e+00
9.715835750102996826e-02 2.068324089050292969e+00
9.875112026929855347e-02 2.073244094848632812e+00
1.003438830375671387e-01 2.077202320098876953e+00
1.019366383552551270e-01 2.080217361450195312e+00
1.035294011235237122e-01 2.082309007644653320e+00
1.051221564412117004e-01 2.083498716354370117e+00
1.067149192094802856e-01 2.083809852600097656e+00
1.083076819777488708e-01 2.083266258239746094e+00
1.099004372954368591e-01 2.081894397735595703e+00
1.114932000637054443e-01 2.079721450805664062e+00
1.130859628319740295e-01 2.076776742935180664e+00
1.146787181496620178e-01 2.073090553283691406e+00
1.162714809179306030e-01 2.068695068359375000e+00
1.178642436861991882e-01 2.063624382019042969e+00
1.194569990038871765e-01 2.057913541793823242e+00
1.210497617721557617e-01 2.051599740982055664e+00
1.226425170898437500e-01 2.044721126556396484e+00
1.242352798581123352e-01 2.037318468093872070e+00
1.258280426263809204e-01 2.029433488845825195e+00
1.274207979440689087e-01 2.021109819412231445e+00
1.290135532617568970e-01 2.012392520904541016e+00
1.306063234806060791e-01 2.003328561782836914e+00
1.321990787982940674e-01 1.993966698646545410e+00
1.337918341159820557e-01 1.984357357025146484e+00
1.353846043348312378e-01 1.974552512168884277e+00
1.369773596525192261e-01 1.964606046676635742e+00
1.385701149702072144e-01 1.954573631286621094e+00
1.401628851890563965e-01 1.944512724876403809e+00
1.417556405067443848e-01 1.934482336044311523e+00
1.433483958244323730e-01 1.924543499946594238e+00
1.449411660432815552e-01 1.914759159088134766e+00
1.465339213609695435e-01 1.905193567276000977e+00
1.481266766786575317e-01 1.895913481712341309e+00
1.497194468975067139e-01 1.886987090110778809e+00
1.513122022151947021e-01 1.878484368324279785e+00
1.529049575328826904e-01 1.870477557182312012e+00
1.544977128505706787e-01 1.863040328025817871e+00
1.560904830694198608e-01 1.856248617172241211e+00
1.576832383871078491e-01 1.850179910659790039e+00
1.592759937047958374e-01 1.844913840293884277e+00
