0.000000000000000000e+00 0.000000000000000000e+00
1.592759974300861359e-03 4.928386583924293518e-02
3.185519948601722717e-03 9.853896498680114746e-02
4.778279922902584076e-03 1.477370858192443848e-01
6.371039897203445435e-03 1.968501508235931396e-01
7.963799871504306793e-03 2.458502501249313354e-01
9.556559845805168152e-03 2.947096824645996094e-01
1.114931982010602951e-02 3.434008657932281494e-01
1.274207979440689087e-02 3.918965458869934082e-01
1.433483976870775223e-02 4.401695728302001953e-01
1.592759974300861359e-02 4.881930947303771973e-01
1.752036064863204956e-02 5.359404683113098145e-01
1.911311969161033630e-02 5.833853483200073242e-01
2.070588059723377228e-02 6.305016875267028809e-01
2.229863964021205902e-02 6.772636175155639648e-01
2.389140054583549500e-02 7.236457467079162598e-01
2.548415958881378174e-02 7.696227431297302246e-01
2.707692049443721771e-02 8.151698708534240723e-01
2.866967953741550446e-02 8.602625727653503418e-01
3.026244044303894043e-02 9.048766493797302246e-01
3.185519948601722717e-02 9.489883184432983398e-01
3.344795852899551392e-02 9.925740957260131836e-01
3.504072129726409912e-02 1.035611033439636230e+00
3.663348034024238586e-02 1.078076362609863281e+00
3.822623938322067261e-02 1.119947910308837891e+00
3.981899842619895935e-02 1.161203742027282715e+00
4.141176119446754456e-02 1.201822638511657715e+00
4.300452023744583130e-02 1.241783499717712402e+00
4.459727928042411804e-02 1.281065940856933594e+00
4.619003832340240479e-02 1.319649815559387207e+00
4.778280109167098999e-02 1.357515573501586914e+00
4.937556013464927673e-02 1.394644260406494141e+00
5.096831917762756348e-02 1.431017160415649414e+00
5.256107822060585022e-02 1.466616272926330566e+00
5.415384098887443542e-02 1.501424074172973633e+00
5.574660003185272217e-02 1.535423398017883301e+00
5.733935907483100891e-02 1.568597912788391113e+00
5.893212184309959412e-02 1.600931525230407715e+00
6.052488088607788086e-02 1.632409095764160156e+00
6.211763992905616760e-02 1.663015484809875488e+00
6.371039897203445435e-02 1.692736744880676270e+00
6.530316174030303955e-02 1.721559047698974609e+00
6.689591705799102783e-02 1.749469399452209473e+00
6.848867982625961304e-02 1.776455283164978027e+00
7.008144259452819824e-02 1.802505016326904297e+00
7.167419791221618652e-02 1.827607274055480957e+00
7.326696068048477173e-02 1.851751446723937988e+00
7.485972344875335693e-02 1.874927759170532227e+00
7.645247876644134521e-02 1.897126793861389160e+00
7.804524153470993042e-02 1.918339967727661133e+00
7.963799685239791870e-02 1.938559412956237793e+00
8.123075962066650391e-02 1.957777738571166992e+00
8.282352238893508911e-02 1.975988507270812988e+00
8.441627770662307739e-02 1.993185758590698242e+00
8.600904047489166260e-02 2.009364366531372070e+00
8.760180324316024780e-02 2.024519681930541992e+00
8.919455856084823608e-02 2.038648366928100586e+00
9.078732132911682129e-02 2.051746845245361328e+00
9.238007664680480957e-02 2.063813447952270508e+00
9.397283941507339478e-02 2.074846267700195312e+00
9.556560218334197998e-02 2.084844827651977539e+00
9.715835750102996826e-02 2.093808889389038086e+00
9.875112026929855347e-02 2.101739406585693359e+00
1.003438830375671387e-01 2.108637809753417969e+00
1.019366383552551270e-01 2.114506483078002930e+00
1.035294011235237122e-01 2.119348526000976562e+00
1.051221564412117004e-01 2.123167991638183594e+00
1.067149192094802856e-01 2.125969648361206055e+00
1.083076819777488708e-01 2.127759218215942383e+00
1.099004372954368591e-01 2.128542661666870117e+00
1.114932000637054443e-01 2.128327608108520508e+00
1.130859628319740295e-01 2.127122163772583008e+00
1.146787181496620178e-01 2.124935150146484375e+00
1.162714809179306030e-01 2.121776342391967773e+00
1.178642436861991882e-01 2.117656469345092773e+00
1.194569990038871765e-01 2.112587213516235352e+00
1.210497617721557617e-01 2.106580734252929688e+00
1.226425170898437500e-01 2.099650621414184570e+00
1.242352798581123352e-01 2.091810941696166992e+00
1.258280426263809204e-01 2.083076953887939453e+00
1.274207979440689087e-01 2.073464393615722656e+00
1.290135532617568970e-01 2.062990427017211914e+00
1.306063234806060791e-01 2.051672935485839844e+00
1.321990787982940674e-01 2.039530754089355469e+00
1.337918341159820557e-01 2.026583433151245117e+00
1.353846043348312378e-01 2.012851715087890625e+00
1.369773596525192261e-01 1.998357534408569336e+00
1.385701149702072144e-01 1.983123183250427246e+00
1.401628851890563965e-01 1.967172384262084961e+00
1.417556405067443848e-01 1.950529575347900391e+00
1.433483958244323730e-01 1.933220267295837402e+00
1.449411660432815552e-01 1.915271162986755371e+00
1.465339213609695435e-01 1.896709561347961426e+00
1.481266766786575317e-01 1.877564072608947754e+00
1.497194468975067139e-01 1.857864141464233398e+00
1.513122022151947021e-01 1.837640404701232910e+00
1.529049575328826904e-01 1.816924214363098145e+00
1.544977128505706787e-01 1.795748353004455566e+00
1.560904830694198608e-01 1.774146318435668945e+00
1.576832383871078491e-01 1.752152800559997559e+00
1.592759937047958374e-01 1.729803323745727539e+00
