0.000000000000000000e+00 0.000000000000000000e+00
1.592759974300861359e-03 4.681045562028884888e-02
3.185519948601722717e-03 9.359951317310333252e-02
4.778279922902584076e-03 1.403462439775466919e-01
6.371039897203445435e-03 1.870298236608505249e-01
7.963799871504306793e-03 2.336295247077941895e-01
9.556559845805168152e-03 2.801246941089630127e-01
1.114931982010602951e-02 3.264947831630706787e-01
1.274207979440689087e-02 3.727193474769592285e-01
1.433483976870775223e-02 4.187780618667602539e-01
1.592759974300861359e-02 4.646506011486053467e-01
1.752036064863204956e-02 5.103168487548828125e-01
1.911311969161033630e-02 5.557568073272705078e-01
2.070588059723377228e-02 6.009503602981567383e-01
2.229863964021205902e-02 6.458778381347656250e-01
2.389140054583549500e-02 6.905193328857421875e-01
2.548415958881378174e-02 7.348552942276000977e-01
2.707692049443721771e-02 7.788661122322082520e-01
2.866967953741550446e-02 8.225324153900146484e-01
3.026244044303894043e-02 8.658348321914672852e-01
3.185519948601722717e-02 9.087541103363037109e-01
3.344795852899551392e-02 9.512711167335510254e-01
3.504072129726409912e-02 9.933668971061706543e-01
3.663348034024238586e-02 1.035022497177124023e+00
3.822623938322067261e-02 1.076219201087951660e+00
3.981899842619895935e-02 1.116938233375549316e+00
4.141176119446754456e-02 1.157161116600036621e+00
4.300452023744583130e-02 1.196869254112243652e+00
4.459727928042411804e-02 1.236044406890869141e+00
4.619003832340240479e-02 1.274668335914611816e+00
4.778280109167098999e-02 1.312722921371459961e+00
4.937556013464927673e-02 1.350190162658691406e+00
5.096831917762756348e-02 1.387052059173583984e+00
5.256107822060585022e-02 1.423290967941284180e+00
5.415384098887443542e-02 1.458889245986938477e+00
5.574660003185272217e-02 1.493829369544982910e+00
5.733935907483100891e-02 1.528093814849853516e+00
5.893212184309959412e-02 1.561665296554565430e+00
6.052488088607788086e-02 1.594526767730712891e+00
6.211763992905616760e-02 1.626661062240600586e+00
6.371039897203445435e-02 1.658051252365112305e+00
6.530316174030303955e-02 1.688680529594421387e+00
6.689591705799102783e-02 1.718532204627990723e+00
6.848867982625961304e-02 1.747589826583862305e+00
7.008144259452819824e-02 1.775836825370788574e+00
7.167419791221618652e-02 1.803256988525390625e+00
7.326696068048477173e-02 1.829833984375000000e+00
7.485972344875335693e-02 1.855551838874816895e+00
7.645247876644134521e-02 1.880394577980041504e+00
7.804524153470993042e-02 1.904346466064453125e+00
7.963799685239791870e-02 1.927391767501831055e+00
8.123075962066650391e-02 1.949514865875244141e+00
8.282352238893508911e-02 1.970700383186340332e+00
8.441627770662307739e-02 1.990933179855346680e+00
8.600904047489166260e-02 2.010197877883911133e+00
8.760180324316024780e-02 2.028479576110839844e+00
8.919455856084823608e-02 2.045763254165649414e+00
9.078732132911682129e-02 2.062034368515014648e+00
9.238007664680480957e-02 2.077277898788452148e+00
9.397283941507339478e-02 2.091479778289794922e+00
9.556560218334197998e-02 2.104625225067138672e+00
9.715835750102996826e-02 2.116700410842895508e+00
9.875112026929855347e-02 2.127691030502319336e+00
1.003438830375671387e-01 2.137583017349243164e+00
1.019366383552551270e-01 2.146362781524658203e+00
1.035294011235237122e-01 2.154016256332397461e+00
1.051221564412117004e-01 2.160530328750610352e+00
1.067149192094802856e-01 2.165891408920288086e+00
1.083076819777488708e-01 2.170086383819580078e+00
1.099004372954368591e-01 2.173101663589477539e+00
1.114932000637054443e-01 2.174924850463867188e+00
1.130859628319740295e-01 2.175542593002319336e+00
1.146787181496620178e-01 2.174942255020141602e+00
1.162714809179306030e-01 2.173111438751220703e+00
1.178642436861991882e-01 2.170037746429443359e+00
1.194569990038871765e-01 2.165708780288696289e+00
1.210497617721557617e-01 2.160112380981445312e+00
1.226425170898437500e-01 2.153236627578735352e+00
1.242352798581123352e-01 2.145069360733032227e+00
1.258280426263809204e-01 2.135599374771118164e+00
1.274207979440689087e-01 2.124814748764038086e+00
1.290135532617568970e-01 2.112704277038574219e+00
1.306063234806060791e-01 2.099256515502929688e+00
1.321990787982940674e-01 2.084460258483886719e+00
1.337918341159820557e-01 2.068304777145385742e+00
1.353846043348312378e-01 2.050779104232788086e+00
1.369773596525192261e-01 2.031872510910034180e+00
1.385701149702072144e-01 2.011574506759643555e+00
1.401628851890563965e-01 1.989874720573425293e+00
1.417556405067443848e-01 1.966763019561767578e+00
1.433483958244323730e-01 1.942229151725769043e+00
1.449411660432815552e-01 1.916263222694396973e+00
1.465339213609695435e-01 1.888855576515197754e+00
1.481266766786575317e-01 1.859996438026428223e+00
1.497194468975067139e-01 1.829676389694213867e+00
1.513122022151947021e-01 1.797886133193969727e+00
1.529049575328826904e-01 1.764616489410400391e+00
1.544977128505706787e-01 1.729858398437500000e+00
1.560904830694198608e-01 1.693603038787841797e+00
1.576832383871078491e-01 1.655841708183288574e+00
1.592759937047958374e-01 1.616565942764282227e+00
