0.000000000000000000e+00 0.000000000000000000e+00
1.592759974300861359e-03 5.166795477271080017e-02
3.185519948601722717e-03 1.032999157905578613e-01
4.778279922902584076e-03 1.548604965209960938e-01
6.371039897203445435e-03 2.063145339488983154e-01
7.963799871504306793e-03 2.576270699501037598e-01
9.556559845805168152e-03 3.087634146213531494e-01
1.114931982010602951e-02 3.596892058849334717e-01
1.274207979440689087e-02 4.103703796863555908e-01
1.433483976870775223e-02 4.607731699943542480e-01
1.592759974300861359e-02 5.108642578125000000e-01
1.752036064863204956e-02 5.606106519699096680e-01
1.911311969161033630e-02 6.099798679351806641e-01
2.070588059723377228e-02 6.589397788047790527e-01
2.229863964021205902e-02 7.074587941169738770e-01
2.389140054583549500e-02 7.555056810379028320e-01
2.548415958881378174e-02 8.030499219894409180e-01
2.707692049443721771e-02 8.500614762306213379e-01
2.866967953741550446e-02 8.965107798576354980e-01
3.026244044303894043e-02 9.423689842224121094e-01
3.185519948601722717e-02 9.876077175140380859e-01
3.344795852899551392e-02 1.032199382781982422e+00
3.504072129726409912e-02 1.076117038726806641e+00
3.663348034024238586e-02 1.119334220886230469e+00
3.822623938322067261e-02 1.161825418472290039e+00
3.981899842619895935e-02 1.203565835952758789e+00
4.141176119446754456e-02 1.244531035423278809e+00
4.300452023744583130e-02 1.284698009490966797e+00
4.459727928042411804e-02 1.324043869972229004e+00
4.619003832340240479e-02 1.362547159194946289e+00
4.778280109167098999e-02 1.400186657905578613e+00
4.937556013464927673e-02 1.436942338943481445e+00
5.096831917762756348e-02 1.472795128822326660e+00
5.256107822060585022e-02 1.507726550102233887e+00
5.415384098887443542e-02 1.541719317436218262e+00
5.574660003185272217e-02 1.574756860733032227e+00
5.733935907483100891e-02 1.606823682785034180e+00
5.893212184309959412e-02 1.637905359268188477e+00
6.052488088607788086e-02 1.667988061904907227e+00
6.211763992905616760e-02 1.697059512138366699e+00
6.371039897203445435e-02 1.725108027458190918e+00
6.530316174030303955e-02 1.752123236656188965e+00
6.689591705799102783e-02 1.778095602989196777e+00
6.848867982625961304e-02 1.803017020225524902e+00
7.008144259452819824e-02 1.826879978179931641e+00
7.167419791221618652e-02 1.849678516387939453e+00
7.326696068048477173e-02 1.871407747268676758e+00
7.485972344875335693e-02 1.892063856124877930e+00
7.645247876644134521e-02 1.911643981933593750e+00
7.804524153470993042e-02 1.930146932601928711e+00
7.963799685239791870e-02 1.947572469711303711e+00
8.123075962066650391e-02 1.963921427726745605e+00
8.282352238893508911e-02 1.979196071624755859e+00
8.441627770662307739e-02 1.993399977684020996e+00
8.600904047489166260e-02 2.006537914276123047e+00
8.760180324316024780e-02 2.018615722656250000e+00
8.919455856084823608e-02 2.029641151428222656e+00
9.078732132911682129e-02 2.039622783660888672e+00
9.238007664680480957e-02 2.048570394515991211e+00
9.397283941507339478e-02 2.056495428085327148e+00
9.556560218334197998e-02 2.063410997390747070e+00
9.715835750102996826e-02 2.069330930709838867e+00
9.875112026929855347e-02 2.074270963668823242e+00
1.003438830375671387e-01 2.078248023986816406e+00
1.019366383552551270e-01 2.081280231475830078e+00
1.035294011235237122e-01 2.083388090133666992e+00
1.051221564412117004e-01 2.084592342376708984e+00
1.067149192094802856e-01 2.084915876388549805e+00
1.083076819777488708e-01 2.084383487701416016e+00
1.099004372954368591e-01 2.083020448684692383e+00
1.114932000637054443e-01 2.080854177474975586e+00
1.130859628319740295e-01 2.077913761138916016e+00
1.146787181496620178e-01 2.074229717254638672e+00
1.162714809179306030e-01 2.069833755493164062e+00
1.178642436861991882e-01 2.064759492874145508e+00
1.194569990038871765e-01 2.059042215347290039e+00
1.210497617721557617e-01 2.052718639373779297e+00
1.226425170898437500e-01 2.045827388763427734e+00
1.242352798581123352e-01 2.038408279418945312e+00
1.258280426263809204e-01 2.030503034591674805e+00
1.274207979440689087e-01 2.022155284881591797e+00
1.290135532617568970e-01 2.013409614562988281e+00
1.306063234806060791e-01 2.004313230514526367e+00
1.321990787982940674e-01 1.994914054870605469e+00
1.337918341159820557e-01 1.985262751579284668e+00
1.353846043348312378e-01 1.975410938262939453e+00
1.369773596525192261e-01 1.965412259101867676e+00
1.385701149702072144e-01 1.955322146415710449e+00
1.401628851890563965e-01 1.945197701454162598e+00
1.417556405067443848e-01 1.935097813606262207e+00
1.433483958244323730e-01 1.925083279609680176e+00
1.449411660432815552e-01 1.915216684341430664e+00
1.465339213609695435e-01 1.905562162399291992e+00
1.481266766786575317e-01 1.896185994148254395e+00
1.497194468975067139e-01 1.887156128883361816e+00
1.513122022151947021e-01 1.878542542457580566e+00
1.529049575328826904e-01 1.870416760444641113e+00
1.544977128505706787e-01 1.862852454185485840e+00
1.560904830694198608e-01 1.855924963951110840e+00
1.576832383871078491e-01 1.849711894989013672e+00
1.592759937047958374e-01 1.844292283058166504e+00
