0.000000000000000000e+00 0.000000000000000000e+00
1.592759974300861359e-03 4.659061133861541748e-02
3.185519948601722717e-03 9.316040575504302979e-02
4.778279922902584076e-03 1.396890282630920410e-01
6.371039897203445435e-03 1.861562132835388184e-01
7.963799871504306793e-03 2.325417995452880859e-01
9.556559845805168152e-03 2.788257002830505371e-01
1.114931982010602951e-02 3.249879181385040283e-01
1.274207979440689087e-02 3.710085153579711914e-01
1.433483976870775223e-02 4.168677031993865967e-01
1.592759974300861359e-02 4.625457525253295898e-01
1.752036064863204956e-02 5.080229640007019043e-01
1.911311969161033630e-02 5.532798171043395996e-01
2.070588059723377228e-02 5.982968211174011230e-01
2.229863964021205902e-02 6.430545449256896973e-01
2.389140054583549500e-02 6.875337958335876465e-01
2.548415958881378174e-02 7.317152619361877441e-01
2.707692049443721771e-02 7.755798101425170898e-01
2.866967953741550446e-02 8.191084861755371094e-01
3.026244044303894043e-02 8.622822761535644531e-01
3.185519948601722717e-02 9.050822854042053223e-01
3.344795852899551392e-02 9.474897980690002441e-01
3.504072129726409912e-02 9.894860982894897461e-01
3.663348034024238586e-02 1.031052589416503906e+00
3.822623938322067261e-02 1.072170615196228027e+00
3.981899842619895935e-02 1.112821936607360840e+00
4.141176119446754456e-02 1.152988076210021973e+00
4.300452023744583130e-02 1.192650914192199707e+00
4.459727928042411804e-02 1.231792092323303223e+00
4.619003832340240479e-02 1.270393729209899902e+00
4.778280109167098999e-02 1.308437585830688477e+00
4.937556013464927673e-02 1.345905900001525879e+00
5.096831917762756348e-02 1.382780790328979492e+00
5.256107822060585022e-02 1.419044613838195801e+00
5.415384098887443542e-02 1.454679489135742188e+00
5.574660003185272217e-02 1.489668130874633789e+00
5.733935907483100891e-02 1.523992776870727539e+00
5.893212184309959412e-02 1.557636260986328125e+00
6.052488088607788086e-02 1.590581178665161133e+00
6.211763992905616760e-02 1.622810244560241699e+00
6.371039897203445435e-02 1.654306411743164062e+00
6.530316174030303955e-02 1.685052514076232910e+00
6.689591705799102783e-02 1.715031743049621582e+00
6.848867982625961304e-02 1.744227051734924316e+00
7.008144259452819824e-02 1.772621750831604004e+00
7.167419791221618652e-02 1.800199031829833984e+00
7.326696068048477173e-02 1.826942443847656250e+00
7.485972344875335693e-02 1.852835178375244141e+00
7.645247876644134521e-02 1.877861022949218750e+00
7.804524153470993042e-02 1.902003645896911621e+00
7.963799685239791870e-02 1.925246477127075195e+00
8.123075962066650391e-02 1.947573542594909668e+00
8.282352238893508911e-02 1.968968749046325684e+00
8.441627770662307739e-02 1.989415884017944336e+00
8.600904047489166260e-02 2.008899211883544922e+00
8.760180324316024780e-02 2.027402639389038086e+00
8.919455856084823608e-02 2.044910669326782227e+00
9.078732132911682129e-02 2.061407566070556641e+00
9.238007664680480957e-02 2.076877593994140625e+00
9.397283941507339478e-02 2.091305255889892578e+00
9.556560218334197998e-02 2.104675292968750000e+00
9.715835750102996826e-02 2.116972208023071289e+00
9.875112026929855347e-02 2.128180742263793945e+00
1.003438830375671387e-01 2.138285875320434570e+00
1.019366383552551270e-01 2.147272348403930664e+00
1.035294011235237122e-01 2.155125141143798828e+00
1.051221564412117004e-01 2.161829471588134766e+00
1.067149192094802856e-01 2.167370557785034180e+00
1.083076819777488708e-01 2.171733379364013672e+00
1.099004372954368591e-01 2.174903631210327148e+00
1.114932000637054443e-01 2.176866531372070312e+00
1.130859628319740295e-01 2.177607774734497070e+00
1.146787181496620178e-01 2.177112579345703125e+00
1.162714809179306030e-01 2.175367116928100586e+00
1.178642436861991882e-01 2.172356843948364258e+00
1.194569990038871765e-01 2.168067455291748047e+00
1.210497617721557617e-01 2.162485361099243164e+00
1.226425170898437500e-01 2.155596256256103516e+00
1.242352798581123352e-01 2.147386312484741211e+00
1.258280426263809204e-01 2.137841701507568359e+00
1.274207979440689087e-01 2.126949071884155273e+00
1.290135532617568970e-01 2.114694118499755859e+00
1.306063234806060791e-01 2.101063728332519531e+00
1.321990787982940674e-01 2.086044549942016602e+00
1.337918341159820557e-01 2.069622755050659180e+00
1.353846043348312378e-01 2.051785469055175781e+00
1.369773596525192261e-01 2.032519340515136719e+00
1.385701149702072144e-01 2.011811256408691406e+00
1.401628851890563965e-01 1.989647984504699707e+00
1.417556405067443848e-01 1.966016888618469238e+00
1.433483958244323730e-01 1.940904974937438965e+00
1.449411660432815552e-01 1.914299488067626953e+00
1.465339213609695435e-01 1.886187672615051270e+00
1.481266766786575317e-01 1.856557011604309082e+00
1.497194468975067139e-01 1.825394868850708008e+00
1.513122022151947021e-01 1.792688965797424316e+00
1.529049575328826904e-01 1.758426785469055176e+00
1.544977128505706787e-01 1.722596168518066406e+00
1.560904830694198608e-01 1.685184955596923828e+00
1.576832383871078491e-01 1.646180987358093262e+00
1.592759937047958374e-01 1.605572342872619629e+00
