0.000000000000000000e+00 0.000000000000000000e+00
1.592759974300861359e-03 4.717691615223884583e-02
3.185519948601722717e-03 9.433133155107498169e-02
4.778279922902584076e-03 1.414412409067153931e-01
6.371039897203445435e-03 1.884847432374954224e-01
7.963799871504306793e-03 2.354400306940078735e-01
9.556559845805168152e-03 2.822853922843933105e-01
1.114931982010602951e-02 3.289992809295654297e-01
1.274207979440689087e-02 3.755601644515991211e-01
1.433483976870775223e-02 4.219467341899871826e-01
1.592759974300861359e-02 4.681377112865447998e-01
1.752036064863204956e-02 5.141119956970214844e-01
1.911311969161033630e-02 5.598485469818115234e-01
2.070588059723377228e-02 6.053265333175659180e-01
2.229863964021205902e-02 6.505251526832580566e-01
2.389140054583549500e-02 6.954239010810852051e-01
2.548415958881378174e-02 7.400021553039550781e-01
2.707692049443721771e-02 7.842397093772888184e-01
2.866967953741550446e-02 8.281162381172180176e-01
3.026244044303894043e-02 8.716117143630981445e-01
3.185519948601722717e-02 9.147061705589294434e-01
3.344795852899551392e-02 9.573799371719360352e-01
3.504072129726409912e-02 9.996133446693420410e-01
3.663348034024238586e-02 1.041386842727661133e+00
3.822623938322067261e-02 1.082681179046630859e+00
3.981899842619895935e-02 1.123477101325988770e+00
4.141176119446754456e-02 1.163755655288696289e+00
4.300452023744583130e-02 1.203498005867004395e+00
4.459727928042411804e-02 1.242685437202453613e+00
4.619003832340240479e-02 1.281299352645874023e+00
4.778280109167098999e-02 1.319321513175964355e+00
4.937556013464927673e-02 1.356733560562133789e+00
5.096831917762756348e-02 1.393517613410949707e+00
5.256107822060585022e-02 1.429655790328979492e+00
5.415384098887443542e-02 1.465130448341369629e+00
5.574660003185272217e-02 1.499923944473266602e+00
5.733935907483100891e-02 1.534018993377685547e+00
5.893212184309959412e-02 1.567398667335510254e+00
6.052488088607788086e-02 1.600045680999755859e+00
6.211763992905616760e-02 1.631943464279174805e+00
6.371039897203445435e-02 1.663075447082519531e+00
6.530316174030303955e-02 1.693425178527832031e+00
6.689591705799102783e-02 1.722976446151733398e+00
6.848867982625961304e-02 1.751713156700134277e+00
7.008144259452819824e-02 1.779619574546813965e+00
7.167419791221618652e-02 1.806680083274841309e+00
7.326696068048477173e-02 1.832879304885864258e+00
7.485972344875335693e-02 1.858201861381530762e+00
7.645247876644134521e-02 1.882632851600646973e+00
7.804524153470993042e-02 1.906157493591308594e+00
7.963799685239791870e-02 1.928761005401611328e+00
8.123075962066650391e-02 1.950429081916809082e+00
8.282352238893508911e-02 1.971147537231445312e+00
8.441627770662307739e-02 1.990902423858642578e+00
8.600904047489166260e-02 2.009679794311523438e+00
8.760180324316024780e-02 2.027466297149658203e+00
8.919455856084823608e-02 2.044248580932617188e+00
9.078732132911682129e-02 2.060013294219970703e+00
9.238007664680480957e-02 2.074747562408447266e+00
9.397283941507339478e-02 2.088438987731933594e+00
9.556560218334197998e-02 2.101074934005737305e+00
9.715835750102996826e-02 2.112643003463745117e+00
9.875112026929855347e-02 2.123131513595581055e+00
1.003438830375671387e-01 2.132528543472290039e+00
1.019366383552551270e-01 2.140822410583496094e+00
1.035294011235237122e-01 2.148001909255981445e+00
1.051221564412117004e-01 2.154056072235107422e+00
1.067149192094802856e-01 2.158973693847656250e+00
1.083076819777488708e-01 2.162744522094726562e+00
1.099004372954368591e-01 2.165358066558837891e+00
1.114932000637054443e-01 2.166804075241088867e+00
1.130859628319740295e-01 2.167072534561157227e+00
1.146787181496620178e-01 2.166154384613037109e+00
1.162714809179306030e-01 2.164039611816406250e+00
1.178642436861991882e-01 2.160719156265258789e+00
1.194569990038871765e-01 2.156184196472167969e+00
1.210497617721557617e-01 2.150426149368286133e+00
1.226425170898437500e-01 2.143436670303344727e+00
1.242352798581123352e-01 2.135207176208496094e+00
1.258280426263809204e-01 2.125730037689208984e+00
1.274207979440689087e-01 2.114997625350952148e+00
1.290135532617568970e-01 2.103002548217773438e+00
1.306063234806060791e-01 2.089737653732299805e+00
1.321990787982940674e-01 2.075195789337158203e+00
1.337918341159820557e-01 2.059370517730712891e+00
1.353846043348312378e-01 2.042255640029907227e+00
1.369773596525192261e-01 2.023844957351684570e+00
1.385701149702072144e-01 2.004132509231567383e+00
1.401628851890563965e-01 1.983112692832946777e+00
1.417556405067443848e-01 1.960780501365661621e+00
1.433483958244323730e-01 1.937130689620971680e+00
1.449411660432815552e-01 1.912158608436584473e+00
1.465339213609695435e-01 1.885859727859497070e+00
1.481266766786575317e-01 1.858229756355285645e+00
1.497194468975067139e-01 1.829264998435974121e+00
1.513122022151947021e-01 1.798961520195007324e+00
1.529049575328826904e-01 1.767316102981567383e+00
1.544977128505706787e-01 1.734325766563415527e+00
1.560904830694198608e-01 1.699987411499023438e+00
1.576832383871078491e-01 1.664298653602600098e+00
1.592759937047958374e-01 1.627257347106933594e+00
