0.000000000000000000e+00 0.000000000000000000e+00
1.000000014901161194e-01 1.067573484033346176e-02
2.000000029802322388e-01 2.152038365602493286e-02
3.000000119209289551e-01 3.265759721398353577e-02
4.000000059604644775e-01 4.417550191283226013e-02
5.000000000000000000e-01 5.613851174712181091e-02
6.000000238418579102e-01 6.859970092773437500e-02
6.999999880790710449e-01 8.158433437347412109e-02
8.000000119209289551e-01 9.512742608785629272e-02
8.999999761581420898e-01 1.092509105801582336e-01
1.000000000000000000e+00 1.239721551537513733e-01
