0.000000000000000000e+00 0.000000000000000000e+00
1.000000014901161194e-01 9.283629246056079865e-03
2.000000029802322388e-01 1.871414482593536377e-02
3.000000119209289551e-01 2.839907817542552948e-02
4.000000059604644775e-01 3.841505944728851318e-02
5.000000000000000000e-01 4.881810396909713745e-02
6.000000238418579102e-01 5.965436249971389771e-02
6.999999880790710449e-01 7.094581425189971924e-02
8.000000119209289551e-01 8.272290229797363281e-02
8.999999761581420898e-01 9.500470012426376343e-02
1.000000000000000000e+00 1.078063026070594788e-01
