0.000000000000000000e+00 0.000000000000000000e+00
1.592759974300861359e-03 4.680998623371124268e-02
3.185519948601722717e-03 9.359857439994812012e-02
4.778279922902584076e-03 1.403448432683944702e-01
6.371039897203445435e-03 1.870279461145401001e-01
7.963799871504306793e-03 2.336271852254867554e-01
9.556559845805168152e-03 2.801218926906585693e-01
1.114931982010602951e-02 3.264915049076080322e-01
1.274207979440689087e-02 3.727156221866607666e-01
1.433483976870775223e-02 4.187738299369812012e-01
1.592759974300861359e-02 4.646459221839904785e-01
1.752036064863204956e-02 5.103117227554321289e-01
1.911311969161033630e-02 5.557511448860168457e-01
2.070588059723377228e-02 6.009442806243896484e-01
2.229863964021205902e-02 6.458712816238403320e-01
2.389140054583549500e-02 6.905122995376586914e-01
2.548415958881378174e-02 7.348477840423583984e-01
2.707692049443721771e-02 7.788581848144531250e-01
2.866967953741550446e-02 8.225240111351013184e-01
3.026244044303894043e-02 8.658258914947509766e-01
3.185519948601722717e-02 9.087446928024291992e-01
3.344795852899551392e-02 9.512612819671630859e-01
3.504072129726409912e-02 9.933565855026245117e-01
3.663348034024238586e-02 1.035011768341064453e+00
3.822623938322067261e-02 1.076207995414733887e+00
3.981899842619895935e-02 1.116926550865173340e+00
4.141176119446754456e-02 1.157148957252502441e+00
4.300452023744583130e-02 1.196856617927551270e+00
4.459727928042411804e-02 1.236031293869018555e+00
4.619003832340240479e-02 1.274654746055603027e+00
4.778280109167098999e-02 1.312708854675292969e+00
4.937556013464927673e-02 1.350175619125366211e+00
5.096831917762756348e-02 1.387037038803100586e+00
5.256107822060585022e-02 1.423275589942932129e+00
5.415384098887443542e-02 1.458873391151428223e+00
5.574660003185272217e-02 1.493812918663024902e+00
5.733935907483100891e-02 1.528076887130737305e+00
5.893212184309959412e-02 1.561648011207580566e+00
6.052488088607788086e-02 1.594508886337280273e+00
6.211763992905616760e-02 1.626642704010009766e+00
6.371039897203445435e-02 1.658032417297363281e+00
6.530316174030303955e-02 1.688661336898803711e+00
6.689591705799102783e-02 1.718512535095214844e+00
6.848867982625961304e-02 1.747569680213928223e+00
7.008144259452819824e-02 1.775816202163696289e+00
7.167419791221618652e-02 1.803235888481140137e+00
7.326696068048477173e-02 1.829812407493591309e+00
7.485972344875335693e-02 1.855529785156250000e+00
7.645247876644134521e-02 1.880372047424316406e+00
7.804524153470993042e-02 1.904323458671569824e+00
7.963799685239791870e-02 1.927368283271789551e+00
8.123075962066650391e-02 1.949490904808044434e+00
8.282352238893508911e-02 1.970676064491271973e+00
8.441627770662307739e-02 1.990908265113830566e+00
8.600904047489166260e-02 2.010172605514526367e+00
8.760180324316024780e-02 2.028453826904296875e+00
8.919455856084823608e-02 2.045737028121948242e+00
9.078732132911682129e-02 2.062007427215576172e+00
9.238007664680480957e-02 2.077250719070434570e+00
9.397283941507339478e-02 2.091452121734619141e+00
9.556560218334197998e-02 2.104597091674804688e+00
9.715835750102996826e-02 2.116671800613403320e+00
9.875112026929855347e-02 2.127661943435668945e+00
1.003438830375671387e-01 2.137553453445434570e+00
1.019366383552551270e-01 2.146332740783691406e+00
1.035294011235237122e-01 2.153985738754272461e+00
1.051221564412117004e-01 2.160499334335327148e+00
1.067149192094802856e-01 2.165859937667846680e+00
1.083076819777488708e-01 2.170054435729980469e+00
1.099004372954368591e-01 2.173069238662719727e+00
1.114932000637054443e-01 2.174891948699951172e+00
1.130859628319740295e-01 2.175509214401245117e+00
1.146787181496620178e-01 2.174908399581909180e+00
1.162714809179306030e-01 2.173077106475830078e+00
1.178642436861991882e-01 2.170002937316894531e+00
1.194569990038871765e-01 2.165673494338989258e+00
1.210497617721557617e-01 2.160076618194580078e+00
1.226425170898437500e-01 2.153200387954711914e+00
1.242352798581123352e-01 2.145032882690429688e+00
1.258280426263809204e-01 2.135562181472778320e+00
1.274207979440689087e-01 2.124777078628540039e+00
1.290135532617568970e-01 2.112666130065917969e+00
1.306063234806060791e-01 2.099217891693115234e+00
1.321990787982940674e-01 2.084421157836914062e+00
1.337918341159820557e-01 2.068265199661254883e+00
1.353846043348312378e-01 2.050739049911499023e+00
1.369773596525192261e-01 2.031831979751586914e+00
1.385701149702072144e-01 2.011533498764038086e+00
1.401628851890563965e-01 1.989833235740661621e+00
1.417556405067443848e-01 1.966721057891845703e+00
1.433483958244323730e-01 1.942186713218688965e+00
1.449411660432815552e-01 1.916220307350158691e+00
1.465339213609695435e-01 1.888812184333801270e+00
1.481266766786575317e-01 1.859952569007873535e+00
1.497194468975067139e-01 1.829632043838500977e+00
1.513122022151947021e-01 1.797841310501098633e+00
1.529049575328826904e-01 1.764571189880371094e+00
1.544977128505706787e-01 1.729812622070312500e+00
1.560904830694198608e-01 1.693556785583496094e+00
1.576832383871078491e-01 1.655795097351074219e+00
1.592759937047958374e-01 1.616518735885620117e+00
