0.000000000000000000e+00 0.000000000000000000e+00
1.492760027758777142e-03 5.901325866580009460e-02
2.985520055517554283e-03 1.179484799504280090e-01
4.478279966861009598e-03 1.767286062240600586e-01
5.971040111035108566e-03 2.352772355079650879e-01
7.463799789547920227e-03 2.935189306735992432e-01
8.956559933722019196e-03 3.513793051242828369e-01
1.044932007789611816e-02 4.087852239608764648e-01
1.194208022207021713e-02 4.656651020050048828e-01
1.343484036624431610e-02 5.219488739967346191e-01
1.492759957909584045e-02 5.775682926177978516e-01
1.642036065459251404e-02 6.324572563171386719e-01
1.791311986744403839e-02 6.865515708923339844e-01
1.940587908029556274e-02 7.397894859313964844e-01
2.089864015579223633e-02 7.921116352081298828e-01
2.239139936864376068e-02 8.434612751007080078e-01
2.388416044414043427e-02 8.937844038009643555e-01
2.537691965699195862e-02 9.430297613143920898e-01
2.686968073248863220e-02 9.911493062973022461e-01
2.836243994534015656e-02 1.038097858428955078e+00
2.985519915819168091e-02 1.083833694458007812e+00
3.134796023368835449e-02 1.128318309783935547e+00
3.284072130918502808e-02 1.171516418457031250e+00
3.433347865939140320e-02 1.213396549224853516e+00
3.582623973488807678e-02 1.253930687904357910e+00
3.731900081038475037e-02 1.293094396591186523e+00
3.881175816059112549e-02 1.330867171287536621e+00
4.030451923608779907e-02 1.367232203483581543e+00
4.179728031158447266e-02 1.402176260948181152e+00
4.329004138708114624e-02 1.435690283775329590e+00
4.478279873728752136e-02 1.467768907546997070e+00
4.627555981278419495e-02 1.498410820960998535e+00
4.776832088828086853e-02 1.527618408203125000e+00
4.926107823848724365e-02 1.555398106575012207e+00
5.075383931398391724e-02 1.581760287284851074e+00
5.224660038948059082e-02 1.606718897819519043e+00
5.373936146497726440e-02 1.630292177200317383e+00
5.523211881518363953e-02 1.652501702308654785e+00
5.672487989068031311e-02 1.673372983932495117e+00
5.821764096617698669e-02 1.692935109138488770e+00
5.971039831638336182e-02 1.711220860481262207e+00
6.120315939188003540e-02 1.728266477584838867e+00
6.269592046737670898e-02 1.744111537933349609e+00
6.418868154287338257e-02 1.758798837661743164e+00
6.568144261837005615e-02 1.772374391555786133e+00
6.717420369386672974e-02 1.784887313842773438e+00
6.866695731878280640e-02 1.796389460563659668e+00
7.015971839427947998e-02 1.806935429573059082e+00
7.165247946977615356e-02 1.816582322120666504e+00
7.314524054527282715e-02 1.825389623641967773e+00
7.463800162076950073e-02 1.833418846130371094e+00
7.613076269626617432e-02 1.840733766555786133e+00
7.762351632118225098e-02 1.847399353981018066e+00
7.911627739667892456e-02 1.853482484817504883e+00
8.060903847217559814e-02 1.859051108360290527e+00
8.210179954767227173e-02 1.864174008369445801e+00
8.359456062316894531e-02 1.868920803070068359e+00
8.508732169866561890e-02 1.873361468315124512e+00
8.658008277416229248e-02 1.877566099166870117e+00
8.807283639907836914e-02 1.881604433059692383e+00
8.956559747457504272e-02 1.885545730590820312e+00
9.105835855007171631e-02 1.889458298683166504e+00
9.255111962556838989e-02 1.893409371376037598e+00
9.404388070106506348e-02 1.897464275360107422e+00
9.553664177656173706e-02 1.901686429977416992e+00
9.702940285205841064e-02 1.906136870384216309e+00
9.852215647697448730e-02 1.910873770713806152e+00
1.000149175524711609e-01 1.915952086448669434e+00
1.015076786279678345e-01 1.921423077583312988e+00
1.030004397034645081e-01 1.927333593368530273e+00
1.044932007789611816e-01 1.933726191520690918e+00
1.059859618544578552e-01 1.940638303756713867e+00
1.074787229299545288e-01 1.948101282119750977e+00
1.089714765548706055e-01 1.956141114234924316e+00
1.104642376303672791e-01 1.964776396751403809e+00
1.119569987058639526e-01 1.974018931388854980e+00
1.134497597813606262e-01 1.983872890472412109e+00
1.149425208568572998e-01 1.994333624839782715e+00
1.164352819323539734e-01 2.005388021469116211e+00
1.179280430078506470e-01 2.017013311386108398e+00
1.194207966327667236e-01 2.029176473617553711e+00
1.209135577082633972e-01 2.041833877563476562e+00
1.224063187837600708e-01 2.054930686950683594e+00
1.238990798592567444e-01 2.068399190902709961e+00
1.253918409347534180e-01 2.082160234451293945e+00
1.268845945596694946e-01 2.096119642257690430e+00
1.283773630857467651e-01 2.110170602798461914e+00
1.298701167106628418e-01 2.124190568923950195e+00
1.313628852367401123e-01 2.138041257858276367e+00
1.328556388616561890e-01 2.151568412780761719e+00
1.343484073877334595e-01 2.164600610733032227e+00
1.358411610126495361e-01 2.176948547363281250e+00
1.373339146375656128e-01 2.188403367996215820e+00
1.388266831636428833e-01 2.198737859725952148e+00
1.403194367885589600e-01 2.207703590393066406e+00
1.418122053146362305e-01 2.215030908584594727e+00
1.433049589395523071e-01 2.220427989959716797e+00
1.447977125644683838e-01 2.223580360412597656e+00
1.462904810905456543e-01 2.224148750305175781e+00
1.477832347154617310e-01 2.221769809722900391e+00
1.492760032415390015e-01 2.216053724288940430e+00
