0.000000000000000000e+00 0.000000000000000000e+00
1.000000014901161194e-01 9.908582083880901337e-03
2.000000029802322388e-01 1.997393928468227386e-02
3.000000119209289551e-01 3.031083941459655762e-02
4.000000059604644775e-01 4.100107401609420776e-02
5.000000000000000000e-01 5.210442841053009033e-02
6.000000238418579102e-01 6.367015838623046875e-02
6.999999880790710449e-01 7.572172582149505615e-02
8.000000119209289551e-01 8.829161524772644043e-02
8.999999761581420898e-01 1.014001965522766113e-01
1.000000000000000000e+00 1.150635778903961182e-01
