0.000000000000000000e+00 0.000000000000000000e+00
1.592759974300861359e-03 4.648580402135848999e-02
3.185519948601722717e-03 9.295106679201126099e-02
4.778279922902584076e-03 1.393757462501525879e-01
6.371039897203445435e-03 1.857398450374603271e-01
7.963799871504306793e-03 2.320234775543212891e-01
9.556559845805168152e-03 2.782068550586700439e-01
1.114931982010602951e-02 3.242702186107635498e-01
1.274207979440689087e-02 3.701939284801483154e-01
1.433483976870775223e-02 4.159584641456604004e-01
1.592759974300861359e-02 4.615443050861358643e-01
1.752036064863204956e-02 5.069320797920227051e-01
1.911311969161033630e-02 5.521024465560913086e-01
2.070588059723377228e-02 5.970362424850463867e-01
2.229863964021205902e-02 6.417142152786254883e-01
2.389140054583549500e-02 6.861173510551452637e-01
2.548415958881378174e-02 7.302265763282775879e-01
2.707692049443721771e-02 7.740230560302734375e-01
2.866967953741550446e-02 8.174879550933837891e-01
3.026244044303894043e-02 8.606024384498596191e-01
3.185519948601722717e-02 9.033478498458862305e-01
3.344795852899551392e-02 9.457055926322937012e-01
3.504072129726409912e-02 9.876570701599121094e-01
3.663348034024238586e-02 1.029183864593505859e+00
3.822623938322067261e-02 1.070267677307128906e+00
3.981899842619895935e-02 1.110890030860900879e+00
4.141176119446754456e-02 1.151032805442810059e+00
4.300452023744583130e-02 1.190677881240844727e+00
4.459727928042411804e-02 1.229807019233703613e+00
4.619003832340240479e-02 1.268402218818664551e+00
4.778280109167098999e-02 1.306445598602294922e+00
4.937556013464927673e-02 1.343919396400451660e+00
5.096831917762756348e-02 1.380805611610412598e+00
5.256107822060585022e-02 1.417086601257324219e+00
5.415384098887443542e-02 1.452744722366333008e+00
5.574660003185272217e-02 1.487762331962585449e+00
5.733935907483100891e-02 1.522121906280517578e+00
5.893212184309959412e-02 1.555806040763854980e+00
6.052488088607788086e-02 1.588797330856323242e+00
6.211763992905616760e-02 1.621078491210937500e+00
6.371039897203445435e-02 1.652632355690002441e+00
6.530316174030303955e-02 1.683441519737243652e+00
6.689591705799102783e-02 1.713489055633544922e+00
6.848867982625961304e-02 1.742757916450500488e+00
7.008144259452819824e-02 1.771231055259704590e+00
7.167419791221618652e-02 1.798891544342041016e+00
7.326696068048477173e-02 1.825722575187683105e+00
7.485972344875335693e-02 1.851707458496093750e+00
7.645247876644134521e-02 1.876829266548156738e+00
7.804524153470993042e-02 1.901071667671203613e+00
7.963799685239791870e-02 1.924417734146118164e+00
8.123075962066650391e-02 1.946851253509521484e+00
8.282352238893508911e-02 1.968355536460876465e+00
8.441627770662307739e-02 1.988914251327514648e+00
8.600904047489166260e-02 2.008511304855346680e+00
8.760180324316024780e-02 2.027129888534545898e+00
8.919455856084823608e-02 2.044754505157470703e+00
9.078732132911682129e-02 2.061368465423583984e+00
9.238007664680480957e-02 2.076955795288085938e+00
9.397283941507339478e-02 2.091500759124755859e+00
9.556560218334197998e-02 2.104986906051635742e+00
9.715835750102996826e-02 2.117398977279663086e+00
9.875112026929855347e-02 2.128720521926879883e+00
1.003438830375671387e-01 2.138936042785644531e+00
1.019366383552551270e-01 2.148030042648315430e+00
1.035294011235237122e-01 2.155986547470092773e+00
1.051221564412117004e-01 2.162789821624755859e+00
1.067149192094802856e-01 2.168424844741821289e+00
1.083076819777488708e-01 2.172875881195068359e+00
1.099004372954368591e-01 2.176127195358276367e+00
1.114932000637054443e-01 2.178164005279541016e+00
1.130859628319740295e-01 2.178970575332641602e+00
1.146787181496620178e-01 2.178531646728515625e+00
1.162714809179306030e-01 2.176832437515258789e+00
1.178642436861991882e-01 2.173857450485229492e+00
1.194569990038871765e-01 2.169591903686523438e+00
1.210497617721557617e-01 2.164020299911499023e+00
1.226425170898437500e-01 2.157128095626831055e+00
1.242352798581123352e-01 2.148900508880615234e+00
1.258280426263809204e-01 2.139322042465209961e+00
1.274207979440689087e-01 2.128378629684448242e+00
1.290135532617568970e-01 2.116055011749267578e+00
1.306063234806060791e-01 2.102336645126342773e+00
1.321990787982940674e-01 2.087209224700927734e+00
1.337918341159820557e-01 2.070657730102539062e+00
1.353846043348312378e-01 2.052667856216430664e+00
1.369773596525192261e-01 2.033225059509277344e+00
1.385701149702072144e-01 2.012315034866333008e+00
1.401628851890563965e-01 1.989923119544982910e+00
1.417556405067443848e-01 1.966035485267639160e+00
1.433483958244323730e-01 1.940637469291687012e+00
1.449411660432815552e-01 1.913715124130249023e+00
1.465339213609695435e-01 1.885254144668579102e+00
1.481266766786575317e-01 1.855240583419799805e+00
1.497194468975067139e-01 1.823660254478454590e+00
1.513122022151947021e-01 1.790499210357666016e+00
1.529049575328826904e-01 1.755743622779846191e+00
1.544977128505706787e-01 1.719379425048828125e+00
1.560904830694198608e-01 1.681392788887023926e+00
1.576832383871078491e-01 1.641770124435424805e+00
1.592759937047958374e-01 1.600497484207153320e+00
