0.000000000000000000e+00 0.000000000000000000e+00
1.592759974300861359e-03 5.165845155715942383e-02
3.185519948601722717e-03 1.032809317111968994e-01
4.778279922902584076e-03 1.548320800065994263e-01
6.371039897203445435e-03 2.062767595052719116e-01
7.963799871504306793e-03 2.575800418853759766e-01
9.556559845805168152e-03 3.087072670459747314e-01
1.114931982010602951e-02 3.596240580081939697e-01
1.274207979440689087e-02 4.102964103221893311e-01
1.433483976870775223e-02 4.606905877590179443e-01
1.592759974300861359e-02 5.107733011245727539e-01
1.752036064863204956e-02 5.605115294456481934e-01
1.911311969161033630e-02 6.098728775978088379e-01
2.070588059723377228e-02 6.588251590728759766e-01
2.229863964021205902e-02 7.073367834091186523e-01
2.389140054583549500e-02 7.553767561912536621e-01
2.548415958881378174e-02 8.029143810272216797e-01
2.707692049443721771e-02 8.499196171760559082e-01
2.866967953741550446e-02 8.963630199432373047e-01
3.026244044303894043e-02 9.422156810760498047e-01
3.185519948601722717e-02 9.874493479728698730e-01
3.344795852899551392e-02 1.032036423683166504e+00
3.504072129726409912e-02 1.075949788093566895e+00
3.663348034024238586e-02 1.119163155555725098e+00
3.822623938322067261e-02 1.161651134490966797e+00
3.981899842619895935e-02 1.203388571739196777e+00
4.141176119446754456e-02 1.244351625442504883e+00
4.300452023744583130e-02 1.284516692161560059e+00
4.459727928042411804e-02 1.323861241340637207e+00
4.619003832340240479e-02 1.362363576889038086e+00
4.778280109167098999e-02 1.400002837181091309e+00
4.937556013464927673e-02 1.436758756637573242e+00
5.096831917762756348e-02 1.472612380981445312e+00
5.256107822060585022e-02 1.507545113563537598e+00
5.415384098887443542e-02 1.541539669036865234e+00
5.574660003185272217e-02 1.574579596519470215e+00
5.733935907483100891e-02 1.606649279594421387e+00
5.893212184309959412e-02 1.637734413146972656e+00
6.052488088607788086e-02 1.667821049690246582e+00
6.211763992905616760e-02 1.696897029876708984e+00
6.371039897203445435e-02 1.724950551986694336e+00
6.530316174030303955e-02 1.751971125602722168e+00
6.689591705799102783e-02 1.777949571609497070e+00
6.848867982625961304e-02 1.802877306938171387e+00
7.008144259452819824e-02 1.826747298240661621e+00
7.167419791221618652e-02 1.849553227424621582e+00
7.326696068048477173e-02 1.871290206909179688e+00
7.485972344875335693e-02 1.891954541206359863e+00
7.645247876644134521e-02 1.911543369293212891e+00
7.804524153470993042e-02 1.930055260658264160e+00
7.963799685239791870e-02 1.947490096092224121e+00
8.123075962066650391e-02 1.963848710060119629e+00
8.282352238893508911e-02 1.979133367538452148e+00
8.441627770662307739e-02 1.993347525596618652e+00
8.600904047489166260e-02 2.006495952606201172e+00
8.760180324316024780e-02 2.018584489822387695e+00
8.919455856084823608e-02 2.029620647430419922e+00
9.078732132911682129e-02 2.039613246917724609e+00
9.238007664680480957e-02 2.048572063446044922e+00
9.397283941507339478e-02 2.056508302688598633e+00
9.556560218334197998e-02 2.063434839248657227e+00
9.715835750102996826e-02 2.069365978240966797e+00
9.875112026929855347e-02 2.074316978454589844e+00
1.003438830375671387e-01 2.078305006027221680e+00
1.019366383552551270e-01 2.081348180770874023e+00
1.035294011235237122e-01 2.083466291427612305e+00
1.051221564412117004e-01 2.084680795669555664e+00
1.067149192094802856e-01 2.085014343261718750e+00
1.083076819777488708e-01 2.084491252899169922e+00
1.099004372954368591e-01 2.083137273788452148e+00
1.114932000637054443e-01 2.080979824066162109e+00
1.130859628319740295e-01 2.078047275543212891e+00
1.146787181496620178e-01 2.074370384216308594e+00
1.162714809179306030e-01 2.069980859756469727e+00
1.178642436861991882e-01 2.064912319183349609e+00
1.194569990038871765e-01 2.059200048446655273e+00
1.210497617721557617e-01 2.052880287170410156e+00
1.226425170898437500e-01 2.045991897583007812e+00
1.242352798581123352e-01 2.038574457168579102e+00
1.258280426263809204e-01 2.030669927597045898e+00
1.274207979440689087e-01 2.022321224212646484e+00
1.290135532617568970e-01 2.013573408126831055e+00
1.306063234806060791e-01 2.004473209381103516e+00
1.321990787982940674e-01 1.995069146156311035e+00
1.337918341159820557e-01 1.985410928726196289e+00
1.353846043348312378e-01 1.975550413131713867e+00
1.369773596525192261e-01 1.965541243553161621e+00
1.385701149702072144e-01 1.955438613891601562e+00
1.401628851890563965e-01 1.945299625396728516e+00
1.417556405067443848e-01 1.935183048248291016e+00
1.433483958244323730e-01 1.925149559974670410e+00
1.449411660432815552e-01 1.915261387825012207e+00
1.465339213609695435e-01 1.905582904815673828e+00
1.481266766786575317e-01 1.896180033683776855e+00
1.497194468975067139e-01 1.887120842933654785e+00
1.513122022151947021e-01 1.878474831581115723e+00
1.529049575328826904e-01 1.870313644409179688e+00
1.544977128505706787e-01 1.862710833549499512e+00
1.560904830694198608e-01 1.855741500854492188e+00
1.576832383871078491e-01 1.849483132362365723e+00
1.592759937047958374e-01 1.844014644622802734e+00
