0.000000000000000000e+00 0.000000000000000000e+00
1.592759974300861359e-03 4.928435757756233215e-02
3.185519948601722717e-03 9.853995591402053833e-02
4.778279922902584076e-03 1.477385610342025757e-01
6.371039897203445435e-03 1.968521177768707275e-01
7.963799871504306793e-03 2.458527088165283203e-01
9.556559845805168152e-03 2.947126328945159912e-01
1.114931982010602951e-02 3.434043228626251221e-01
1.274207979440689087e-02 3.919004499912261963e-01
1.433483976870775223e-02 4.401739835739135742e-01
1.592759974300861359e-02 4.881979823112487793e-01
1.752036064863204956e-02 5.359458327293395996e-01
1.911311969161033630e-02 5.833911895751953125e-01
2.070588059723377228e-02 6.305080056190490723e-01
2.229863964021205902e-02 6.772704124450683594e-01
2.389140054583549500e-02 7.236529588699340820e-01
2.548415958881378174e-02 7.696304321289062500e-01
2.707692049443721771e-02 8.151780366897583008e-01
2.866967953741550446e-02 8.602711558341979980e-01
3.026244044303894043e-02 9.048857092857360840e-01
3.185519948601722717e-02 9.489977955818176270e-01
3.344795852899551392e-02 9.925840497016906738e-01
3.504072129726409912e-02 1.035621404647827148e+00
3.663348034024238586e-02 1.078087091445922852e+00
3.822623938322067261e-02 1.119959115982055664e+00
3.981899842619895935e-02 1.161215424537658691e+00
4.141176119446754456e-02 1.201834678649902344e+00
4.300452023744583130e-02 1.241795897483825684e+00
4.459727928042411804e-02 1.281078696250915527e+00
4.619003832340240479e-02 1.319662928581237793e+00
4.778280109167098999e-02 1.357529163360595703e+00
4.937556013464927673e-02 1.394658207893371582e+00
5.096831917762756348e-02 1.431031465530395508e+00
5.256107822060585022e-02 1.466630935668945312e+00
5.415384098887443542e-02 1.501438975334167480e+00
5.574660003185272217e-02 1.535438656806945801e+00
5.733935907483100891e-02 1.568613529205322266e+00
5.893212184309959412e-02 1.600947499275207520e+00
6.052488088607788086e-02 1.632425308227539062e+00
6.211763992905616760e-02 1.663032054901123047e+00
6.371039897203445435e-02 1.692753553390502930e+00
6.530316174030303955e-02 1.721576094627380371e+00
6.689591705799102783e-02 1.749486684799194336e+00
6.848867982625961304e-02 1.776472926139831543e+00
7.008144259452819824e-02 1.802522778511047363e+00
7.167419791221618652e-02 1.827625274658203125e+00
7.326696068048477173e-02 1.851769685745239258e+00
7.485972344875335693e-02 1.874946236610412598e+00
7.645247876644134521e-02 1.897145509719848633e+00
7.804524153470993042e-02 1.918358802795410156e+00
7.963799685239791870e-02 1.938578367233276367e+00
8.123075962066650391e-02 1.957796931266784668e+00
8.282352238893508911e-02 1.976007819175720215e+00
8.441627770662307739e-02 1.993205189704895020e+00
8.600904047489166260e-02 2.009383916854858398e+00
8.760180324316024780e-02 2.024539470672607422e+00
8.919455856084823608e-02 2.038667917251586914e+00
9.078732132911682129e-02 2.051766633987426758e+00
9.238007664680480957e-02 2.063833236694335938e+00
9.397283941507339478e-02 2.074866294860839844e+00
9.556560218334197998e-02 2.084864854812622070e+00
9.715835750102996826e-02 2.093828916549682617e+00
9.875112026929855347e-02 2.101759195327758789e+00
1.003438830375671387e-01 2.108657598495483398e+00
1.019366383552551270e-01 2.114526271820068359e+00
1.035294011235237122e-01 2.119368314743041992e+00
1.051221564412117004e-01 2.123187780380249023e+00
1.067149192094802856e-01 2.125989437103271484e+00
1.083076819777488708e-01 2.127778530120849609e+00
1.099004372954368591e-01 2.128561973571777344e+00
1.114932000637054443e-01 2.128346920013427734e+00
1.130859628319740295e-01 2.127141237258911133e+00
1.146787181496620178e-01 2.124953985214233398e+00
1.162714809179306030e-01 2.121795177459716797e+00
1.178642436861991882e-01 2.117675065994262695e+00
1.194569990038871765e-01 2.112605571746826172e+00
1.210497617721557617e-01 2.106598854064941406e+00
1.226425170898437500e-01 2.099668502807617188e+00
1.242352798581123352e-01 2.091828346252441406e+00
1.258280426263809204e-01 2.083094120025634766e+00
1.274207979440689087e-01 2.073481321334838867e+00
1.290135532617568970e-01 2.063006877899169922e+00
1.306063234806060791e-01 2.051689147949218750e+00
1.321990787982940674e-01 2.039546489715576172e+00
1.337918341159820557e-01 2.026598691940307617e+00
1.353846043348312378e-01 2.012866735458374023e+00
1.369773596525192261e-01 1.998371958732604980e+00
1.385701149702072144e-01 1.983137130737304688e+00
1.401628851890563965e-01 1.967185854911804199e+00
1.417556405067443848e-01 1.950542569160461426e+00
1.433483958244323730e-01 1.933232784271240234e+00
1.449411660432815552e-01 1.915283083915710449e+00
1.465339213609695435e-01 1.896720886230468750e+00
1.481266766786575317e-01 1.877574801445007324e+00
1.497194468975067139e-01 1.857874274253845215e+00
1.513122022151947021e-01 1.837649822235107422e+00
1.529049575328826904e-01 1.816933035850524902e+00
1.544977128505706787e-01 1.795756459236145020e+00
1.560904830694198608e-01 1.774153709411621094e+00
1.576832383871078491e-01 1.752159357070922852e+00
1.592759937047958374e-01 1.729809165000915527e+00
