0.000000000000000000e+00 0.000000000000000000e+00
1.592759974300861359e-03 4.783003404736518860e-02
3.185519948601722717e-03 9.563551843166351318e-02
4.778279922902584076e-03 1.433923989534378052e-01
6.371039897203445435e-03 1.910767555236816406e-01
7.963799871504306793e-03 2.386647760868072510e-01
9.556559845805168152e-03 2.861327826976776123e-01
1.114931982010602951e-02 3.334572613239288330e-01
1.274207979440689087e-02 3.806147873401641846e-01
1.433483976870775223e-02 4.275821149349212646e-01
1.592759974300861359e-02 4.743362069129943848e-01
1.752036064863204956e-02 5.208540558815002441e-01
1.911311969161033630e-02 5.671129822731018066e-01
2.070588059723377228e-02 6.130903959274291992e-01
2.229863964021205902e-02 6.587638854980468750e-01
2.389140054583549500e-02 7.041112184524536133e-01
2.548415958881378174e-02 7.491104006767272949e-01
2.707692049443721771e-02 7.937395572662353516e-01
2.866967953741550446e-02 8.379771709442138672e-01
3.026244044303894043e-02 8.818017244338989258e-01
3.185519948601722717e-02 9.251921176910400391e-01
3.344795852899551392e-02 9.681273698806762695e-01
3.504072129726409912e-02 1.010586738586425781e+00
3.663348034024238586e-02 1.052549600601196289e+00
3.822623938322067261e-02 1.093995809555053711e+00
3.981899842619895935e-02 1.134905338287353516e+00
4.141176119446754456e-02 1.175258398056030273e+00
4.300452023744583130e-02 1.215035438537597656e+00
4.459727928042411804e-02 1.254217267036437988e+00
4.619003832340240479e-02 1.292784690856933594e+00
4.778280109167098999e-02 1.330719113349914551e+00
4.937556013464927673e-02 1.368002176284790039e+00
5.096831917762756348e-02 1.404615521430969238e+00
5.256107822060585022e-02 1.440541267395019531e+00
5.415384098887443542e-02 1.475761890411376953e+00
5.574660003185272217e-02 1.510259985923767090e+00
5.733935907483100891e-02 1.544018745422363281e+00
5.893212184309959412e-02 1.577021121978759766e+00
6.052488088607788086e-02 1.609251022338867188e+00
6.211763992905616760e-02 1.640692114830017090e+00
6.371039897203445435e-02 1.671328902244567871e+00
6.530316174030303955e-02 1.701145648956298828e+00
6.689591705799102783e-02 1.730127334594726562e+00
6.848867982625961304e-02 1.758259177207946777e+00
7.008144259452819824e-02 1.785526633262634277e+00
7.167419791221618652e-02 1.811915755271911621e+00
7.326696068048477173e-02 1.837412595748901367e+00
7.485972344875335693e-02 1.862003803253173828e+00
7.645247876644134521e-02 1.885676264762878418e+00
7.804524153470993042e-02 1.908417224884033203e+00
7.963799685239791870e-02 1.930214405059814453e+00
8.123075962066650391e-02 1.951055765151977539e+00
8.282352238893508911e-02 1.970929622650146484e+00
8.441627770662307739e-02 1.989824771881103516e+00
8.600904047489166260e-02 2.007730245590209961e+00
8.760180324316024780e-02 2.024635791778564453e+00
8.919455856084823608e-02 2.040531158447265625e+00
9.078732132911682129e-02 2.055406332015991211e+00
9.238007664680480957e-02 2.069252490997314453e+00
9.397283941507339478e-02 2.082060337066650391e+00
9.556560218334197998e-02 2.093821525573730469e+00
9.715835750102996826e-02 2.104527950286865234e+00
9.875112026929855347e-02 2.114171504974365234e+00
1.003438830375671387e-01 2.122745513916015625e+00
1.019366383552551270e-01 2.130242347717285156e+00
1.035294011235237122e-01 2.136656284332275391e+00
1.051221564412117004e-01 2.141980648040771484e+00
1.067149192094802856e-01 2.146210432052612305e+00
1.083076819777488708e-01 2.149339914321899414e+00
1.099004372954368591e-01 2.151364326477050781e+00
1.114932000637054443e-01 2.152279853820800781e+00
1.130859628319740295e-01 2.152082204818725586e+00
1.146787181496620178e-01 2.150768041610717773e+00
1.162714809179306030e-01 2.148334503173828125e+00
1.178642436861991882e-01 2.144778966903686523e+00
1.194569990038871765e-01 2.140099287033081055e+00
1.210497617721557617e-01 2.134294033050537109e+00
1.226425170898437500e-01 2.127362012863159180e+00
1.242352798581123352e-01 2.119302272796630859e+00
1.258280426263809204e-01 2.110115051269531250e+00
1.274207979440689087e-01 2.099800348281860352e+00
1.290135532617568970e-01 2.088358879089355469e+00
1.306063234806060791e-01 2.075792074203491211e+00
1.321990787982940674e-01 2.062101364135742188e+00
1.337918341159820557e-01 2.047289371490478516e+00
1.353846043348312378e-01 2.031358242034912109e+00
1.369773596525192261e-01 2.014311552047729492e+00
1.385701149702072144e-01 1.996152639389038086e+00
1.401628851890563965e-01 1.976886034011840820e+00
1.417556405067443848e-01 1.956516265869140625e+00
1.433483958244323730e-01 1.935048580169677734e+00
1.449411660432815552e-01 1.912488579750061035e+00
1.465339213609695435e-01 1.888842582702636719e+00
1.481266766786575317e-01 1.864117145538330078e+00
1.497194468975067139e-01 1.838319778442382812e+00
1.513122022151947021e-01 1.811458110809326172e+00
1.529049575328826904e-01 1.783540487289428711e+00
1.544977128505706787e-01 1.754575729370117188e+00
1.560904830694198608e-01 1.724573135375976562e+00
1.576832383871078491e-01 1.693542718887329102e+00
1.592759937047958374e-01 1.661494851112365723e+00
