0.000000000000000000e+00 0.000000000000000000e+00
1.000000014901161194e-01 9.383194148540496826e-03
2.000000029802322388e-01 1.891485042870044708e-02
3.000000119209289551e-01 2.870365232229232788e-02
4.000000059604644775e-01 3.882705047726631165e-02
5.000000000000000000e-01 4.934166744351387024e-02
6.000000238418579102e-01 6.029414385557174683e-02
6.999999880790710449e-01 7.170668989419937134e-02
8.000000119209289551e-01 8.361008763313293457e-02
8.999999761581420898e-01 9.602360427379608154e-02
1.000000000000000000e+00 1.089624986052513123e-01
