0.000000000000000000e+00 0.000000000000000000e+00
1.000000014901161194e-01 8.671193383634090424e-03
2.000000029802322388e-01 1.747958362102508545e-02
3.000000119209289551e-01 2.652560733258724213e-02
4.000000059604644775e-01 3.588083758950233459e-02
5.000000000000000000e-01 4.559760168194770813e-02
6.000000238418579102e-01 5.571899935603141785e-02
6.999999880790710449e-01 6.626556068658828735e-02
8.000000119209289551e-01 7.726571708917617798e-02
8.999999761581420898e-01 8.873728662729263306e-02
1.000000000000000000e+00 1.006943807005882263e-01
