0.000000000000000000e+00 0.000000000000000000e+00
1.592759974300861359e-03 4.928386583924293518e-02
3.185519948601722717e-03 9.853896498680114746e-02
4.778279922902584076e-03 1.477370858192443848e-01
6.371039897203445435e-03 1.968501508235931396e-01
7.963799871504306793e-03 2.458502501249313354e-01
9.556559845805168152e-03 2.947096526622772217e-01
1.114931982010602951e-02 3.434008657932281494e-01
1.274207979440689087e-02 3.918965160846710205e-01
1.433483976870775223e-02 4.401695430278778076e-01
1.592759974300861359e-02 4.881930351257324219e-01
1.752036064863204956e-02 5.359404087066650391e-01
1.911311969161033630e-02 5.833852887153625488e-01
2.070588059723377228e-02 6.305015683174133301e-01
2.229863964021205902e-02 6.772634983062744141e-01
2.389140054583549500e-02 7.236455678939819336e-01
2.548415958881378174e-02 7.696225643157958984e-01
2.707692049443721771e-02 8.151696324348449707e-01
2.866967953741550446e-02 8.602622747421264648e-01
3.026244044303894043e-02 9.048763513565063477e-01
3.185519948601722717e-02 9.489879608154296875e-01
3.344795852899551392e-02 9.925736784934997559e-01
3.504072129726409912e-02 1.035610556602478027e+00
3.663348034024238586e-02 1.078075766563415527e+00
3.822623938322067261e-02 1.119947195053100586e+00
3.981899842619895935e-02 1.161203026771545410e+00
4.141176119446754456e-02 1.201821804046630859e+00
4.300452023744583130e-02 1.241782665252685547e+00
4.459727928042411804e-02 1.281064867973327637e+00
4.619003832340240479e-02 1.319648742675781250e+00
4.778280109167098999e-02 1.357514381408691406e+00
4.937556013464927673e-02 1.394642949104309082e+00
5.096831917762756348e-02 1.431015729904174805e+00
5.256107822060585022e-02 1.466614603996276855e+00
5.415384098887443542e-02 1.501422286033630371e+00
5.574660003185272217e-02 1.535421490669250488e+00
5.733935907483100891e-02 1.568595767021179199e+00
5.893212184309959412e-02 1.600929260253906250e+00
6.052488088607788086e-02 1.632406592369079590e+00
6.211763992905616760e-02 1.663012862205505371e+00
6.371039897203445435e-02 1.692733883857727051e+00
6.530316174030303955e-02 1.721555948257446289e+00
6.689591705799102783e-02 1.749466180801391602e+00
6.848867982625961304e-02 1.776451826095581055e+00
7.008144259452819824e-02 1.802501320838928223e+00
7.167419791221618652e-02 1.827603340148925781e+00
7.326696068048477173e-02 1.851747274398803711e+00
7.485972344875335693e-02 1.874923348426818848e+00
7.645247876644134521e-02 1.897122025489807129e+00
7.804524153470993042e-02 1.918334960937500000e+00
7.963799685239791870e-02 1.938554167747497559e+00
8.123075962066650391e-02 1.957772135734558105e+00
8.282352238893508911e-02 1.975982546806335449e+00
8.441627770662307739e-02 1.993179559707641602e+00
8.600904047489166260e-02 2.009357690811157227e+00
8.760180324316024780e-02 2.024512767791748047e+00
8.919455856084823608e-02 2.038640975952148438e+00
9.078732132911682129e-02 2.051739215850830078e+00
9.238007664680480957e-02 2.063805580139160156e+00
9.397283941507339478e-02 2.074837923049926758e+00
9.556560218334197998e-02 2.084836006164550781e+00
9.715835750102996826e-02 2.093799591064453125e+00
9.875112026929855347e-02 2.101729631423950195e+00
1.003438830375671387e-01 2.108627796173095703e+00
1.019366383552551270e-01 2.114495992660522461e+00
1.035294011235237122e-01 2.119337558746337891e+00
1.051221564412117004e-01 2.123156547546386719e+00
1.067149192094802856e-01 2.125957727432250977e+00
1.083076819777488708e-01 2.127746820449829102e+00
1.099004372954368591e-01 2.128529787063598633e+00
1.114932000637054443e-01 2.128314256668090820e+00
1.130859628319740295e-01 2.127108335494995117e+00
1.146787181496620178e-01 2.124920845031738281e+00
1.162714809179306030e-01 2.121761560440063477e+00
1.178642436861991882e-01 2.117641210556030273e+00
1.194569990038871765e-01 2.112571239471435547e+00
1.210497617721557617e-01 2.106564283370971680e+00
1.226425170898437500e-01 2.099633455276489258e+00
1.242352798581123352e-01 2.091793298721313477e+00
1.258280426263809204e-01 2.083058595657348633e+00
1.274207979440689087e-01 2.073445558547973633e+00
1.290135532617568970e-01 2.062970876693725586e+00
1.306063234806060791e-01 2.051652908325195312e+00
1.321990787982940674e-01 2.039510011672973633e+00
1.337918341159820557e-01 2.026561975479125977e+00
1.353846043348312378e-01 2.012829780578613281e+00
1.369773596525192261e-01 1.998334884643554688e+00
1.385701149702072144e-01 1.983099818229675293e+00
1.401628851890563965e-01 1.967148303985595703e+00
1.417556405067443848e-01 1.950504899024963379e+00
1.433483958244323730e-01 1.933194994926452637e+00
1.449411660432815552e-01 1.915245175361633301e+00
1.465339213609695435e-01 1.896682858467102051e+00
1.481266766786575317e-01 1.877536654472351074e+00
1.497194468975067139e-01 1.857836127281188965e+00
1.513122022151947021e-01 1.837611556053161621e+00
1.529049575328826904e-01 1.816894769668579102e+00
1.544977128505706787e-01 1.795718193054199219e+00
1.560904830694198608e-01 1.774115443229675293e+00
1.576832383871078491e-01 1.752121090888977051e+00
1.592759937047958374e-01 1.729771018028259277e+00
