0.000000000000000000e+00 0.000000000000000000e+00
1.592759974300861359e-03 5.165793374180793762e-02
3.185519948601722717e-03 1.032798960804939270e-01
4.778279922902584076e-03 1.548305302858352661e-01
6.371039897203445435e-03 2.062746882438659668e-01
7.963799871504306793e-03 2.575774490833282471e-01
9.556559845805168152e-03 3.087041676044464111e-01
1.114931982010602951e-02 3.596204519271850586e-01
1.274207979440689087e-02 4.102922677993774414e-01
1.433483976870775223e-02 4.606859385967254639e-01
1.592759974300861359e-02 5.107681155204772949e-01
1.752036064863204956e-02 5.605058670043945312e-01
1.911311969161033630e-02 6.098666787147521973e-01
2.070588059723377228e-02 6.588184237480163574e-01
2.229863964021205902e-02 7.073295712471008301e-01
2.389140054583549500e-02 7.553690075874328613e-01
2.548415958881378174e-02 8.029060959815979004e-01
2.707692049443721771e-02 8.499107956886291504e-01
2.866967953741550446e-02 8.963537216186523438e-01
3.026244044303894043e-02 9.422058463096618652e-01
3.185519948601722717e-02 9.874390363693237305e-01
3.344795852899551392e-02 1.032025456428527832e+00
3.504072129726409912e-02 1.075938344001770020e+00
3.663348034024238586e-02 1.119151353836059570e+00
3.822623938322067261e-02 1.161638736724853516e+00
3.981899842619895935e-02 1.203375697135925293e+00
4.141176119446754456e-02 1.244338154792785645e+00
4.300452023744583130e-02 1.284502744674682617e+00
4.459727928042411804e-02 1.323846817016601562e+00
4.619003832340240479e-02 1.362348675727844238e+00
4.778280109167098999e-02 1.399987339973449707e+00
4.937556013464927673e-02 1.436742782592773438e+00
5.096831917762756348e-02 1.472595810890197754e+00
5.256107822060585022e-02 1.507528066635131836e+00
5.415384098887443542e-02 1.541522026062011719e+00
5.574660003185272217e-02 1.574561476707458496e+00
5.733935907483100891e-02 1.606630682945251465e+00
5.893212184309959412e-02 1.637715220451354980e+00
6.052488088607788086e-02 1.667801499366760254e+00
6.211763992905616760e-02 1.696876883506774902e+00
6.371039897203445435e-02 1.724929809570312500e+00
6.530316174030303955e-02 1.751950025558471680e+00
6.689591705799102783e-02 1.777927875518798828e+00
6.848867982625961304e-02 1.802855134010314941e+00
7.008144259452819824e-02 1.826724529266357422e+00
7.167419791221618652e-02 1.849529981613159180e+00
7.326696068048477173e-02 1.871266484260559082e+00
7.485972344875335693e-02 1.891930222511291504e+00
7.645247876644134521e-02 1.911518454551696777e+00
7.804524153470993042e-02 1.930029869079589844e+00
7.963799685239791870e-02 1.947464227676391602e+00
8.123075962066650391e-02 1.963822364807128906e+00
8.282352238893508911e-02 1.979106426239013672e+00
8.441627770662307739e-02 1.993320107460021973e+00
8.600904047489166260e-02 2.006468057632446289e+00
8.760180324316024780e-02 2.018556118011474609e+00
8.919455856084823608e-02 2.029591798782348633e+00
9.078732132911682129e-02 2.039583683013916016e+00
9.238007664680480957e-02 2.048542022705078125e+00
9.397283941507339478e-02 2.056477785110473633e+00
9.556560218334197998e-02 2.063403844833374023e+00
9.715835750102996826e-02 2.069334506988525391e+00
9.875112026929855347e-02 2.074285030364990234e+00
1.003438830375671387e-01 2.078272342681884766e+00
1.019366383552551270e-01 2.081315040588378906e+00
1.035294011235237122e-01 2.083432674407958984e+00
1.051221564412117004e-01 2.084646701812744141e+00
1.067149192094802856e-01 2.084979772567749023e+00
1.083076819777488708e-01 2.084456205368041992e+00
1.099004372954368591e-01 2.083101511001586914e+00
1.114932000637054443e-01 2.080943346023559570e+00
1.130859628319740295e-01 2.078010320663452148e+00
1.146787181496620178e-01 2.074332952499389648e+00
1.162714809179306030e-01 2.069942951202392578e+00
1.178642436861991882e-01 2.064873933792114258e+00
1.194569990038871765e-01 2.059160947799682617e+00
1.210497617721557617e-01 2.052840948104858398e+00
1.226425170898437500e-01 2.045951843261718750e+00
1.242352798581123352e-01 2.038533926010131836e+00
1.258280426263809204e-01 2.030628919601440430e+00
1.274207979440689087e-01 2.022279739379882812e+00
1.290135532617568970e-01 2.013531446456909180e+00
1.306063234806060791e-01 2.004430770874023438e+00
1.321990787982940674e-01 1.995025992393493652e+00
1.337918341159820557e-01 1.985367298126220703e+00
1.353846043348312378e-01 1.975506305694580078e+00
1.369773596525192261e-01 1.965496540069580078e+00
1.385701149702072144e-01 1.955393433570861816e+00
1.401628851890563965e-01 1.945253968238830566e+00
1.417556405067443848e-01 1.935136795043945312e+00
1.433483958244323730e-01 1.925102710723876953e+00
1.449411660432815552e-01 1.915214061737060547e+00
1.465339213609695435e-01 1.905535101890563965e+00
1.481266766786575317e-01 1.896131753921508789e+00
1.497194468975067139e-01 1.887071967124938965e+00
1.513122022151947021e-01 1.878425359725952148e+00
1.529049575328826904e-01 1.870263695716857910e+00
1.544977128505706787e-01 1.862660288810729980e+00
1.560904830694198608e-01 1.855690598487854004e+00
1.576832383871078491e-01 1.849431633949279785e+00
1.592759937047958374e-01 1.843962669372558594e+00
