0.000000000000000000e+00 0.000000000000000000e+00
1.000000014901161194e-01 8.671158924698829651e-03
2.000000029802322388e-01 1.747951470315456390e-02
3.000000119209289551e-01 2.652550116181373596e-02
4.000000059604644775e-01 3.588069602847099304e-02
5.000000000000000000e-01 4.559742286801338196e-02
6.000000238418579102e-01 5.571877956390380859e-02
6.999999880790710449e-01 6.626529246568679810e-02
8.000000119209289551e-01 7.726541161537170410e-02
8.999999761581420898e-01 8.873693645000457764e-02
1.000000000000000000e+00 1.006939858198165894e-01
