0.000000000000000000e+00 0.000000000000000000e+00
1.492760027758777142e-03 4.474685341119766235e-02
2.985520055517554283e-03 8.945781737565994263e-02
4.478279966861009598e-03 1.340975463390350342e-01
5.971040111035108566e-03 1.786309480667114258e-01
7.463799789547920227e-03 2.230232357978820801e-01
8.956559933722019196e-03 2.672399580478668213e-01
1.044932007789611816e-02 3.112471401691436768e-01
1.194208022207021713e-02 3.550111651420593262e-01
1.343484036624431610e-02 3.984990715980529785e-01
1.492759957909584045e-02 4.416782855987548828e-01
1.642036065459251404e-02 4.845170080661773682e-01
1.791311986744403839e-02 5.269839763641357422e-01
1.940587908029556274e-02 5.690487027168273926e-01
2.089864015579223633e-02 6.106814146041870117e-01
2.239139936864376068e-02 6.518530845642089844e-01
2.388416044414043427e-02 6.925356388092041016e-01
2.537691965699195862e-02 7.327017188072204590e-01
2.686968073248863220e-02 7.723249793052673340e-01
2.836243994534015656e-02 8.113800287246704102e-01
2.985519915819168091e-02 8.498424291610717773e-01
3.134796023368835449e-02 8.876886963844299316e-01
3.284072130918502808e-02 9.248964786529541016e-01
3.433347865939140320e-02 9.614445567131042480e-01
3.582623973488807678e-02 9.973126053810119629e-01
3.731900081038475037e-02 1.032481789588928223e+00
3.881175816059112549e-02 1.066933989524841309e+00
4.030451923608779907e-02 1.100652694702148438e+00
4.179728031158447266e-02 1.133622288703918457e+00
4.329004138708114624e-02 1.165828704833984375e+00
4.478279873728752136e-02 1.197258830070495605e+00
4.627555981278419495e-02 1.227900862693786621e+00
4.776832088828086853e-02 1.257744550704956055e+00
4.926107823848724365e-02 1.286780714988708496e+00
5.075383931398391724e-02 1.315001368522644043e+00
5.224660038948059082e-02 1.342400074005126953e+00
5.373936146497726440e-02 1.368971705436706543e+00
5.523211881518363953e-02 1.394712209701538086e+00
5.672487989068031311e-02 1.419619321823120117e+00
5.821764096617698669e-02 1.443691730499267578e+00
5.971039831638336182e-02 1.466929435729980469e+00
6.120315939188003540e-02 1.489333987236022949e+00
6.269592046737670898e-02 1.510908246040344238e+00
6.418868154287338257e-02 1.531656146049499512e+00
6.568144261837005615e-02 1.551583290100097656e+00
6.717420369386672974e-02 1.570696115493774414e+00
6.866695731878280640e-02 1.589002847671508789e+00
7.015971839427947998e-02 1.606512546539306641e+00
7.165247946977615356e-02 1.623235821723937988e+00
7.314524054527282715e-02 1.639184236526489258e+00
7.463800162076950073e-02 1.654370784759521484e+00
7.613076269626617432e-02 1.668809294700622559e+00
7.762351632118225098e-02 1.682515263557434082e+00
7.911627739667892456e-02 1.695504784584045410e+00
8.060903847217559814e-02 1.707795381546020508e+00
8.210179954767227173e-02 1.719405293464660645e+00
8.359456062316894531e-02 1.730354070663452148e+00
8.508732169866561890e-02 1.740662097930908203e+00
8.658008277416229248e-02 1.750350594520568848e+00
8.807283639907836914e-02 1.759441614151000977e+00
8.956559747457504272e-02 1.767958402633666992e+00
9.105835855007171631e-02 1.775924444198608398e+00
9.255111962556838989e-02 1.783364295959472656e+00
9.404388070106506348e-02 1.790302991867065430e+00
9.553664177656173706e-02 1.796766281127929688e+00
9.702940285205841064e-02 1.802780508995056152e+00
9.852215647697448730e-02 1.808372259140014648e+00
1.000149175524711609e-01 1.813568592071533203e+00
1.015076786279678345e-01 1.818397164344787598e+00
1.030004397034645081e-01 1.822885394096374512e+00
1.044932007789611816e-01 1.827061414718627930e+00
1.059859618544578552e-01 1.830953001976013184e+00
1.074787229299545288e-01 1.834588408470153809e+00
1.089714765548706055e-01 1.837995290756225586e+00
1.104642376303672791e-01 1.841201782226562500e+00
1.119569987058639526e-01 1.844235301017761230e+00
1.134497597813606262e-01 1.847123026847839355e+00
1.149425208568572998e-01 1.849891901016235352e+00
1.164352819323539734e-01 1.852568149566650391e+00
1.179280430078506470e-01 1.855177521705627441e+00
1.194207966327667236e-01 1.857745051383972168e+00
1.209135577082633972e-01 1.860294699668884277e+00
1.224063187837600708e-01 1.862849831581115723e+00
1.238990798592567444e-01 1.865432500839233398e+00
1.253918409347534180e-01 1.868063807487487793e+00
1.268845945596694946e-01 1.870763421058654785e+00
1.283773630857467651e-01 1.873549580574035645e+00
1.298701167106628418e-01 1.876439094543457031e+00
1.313628852367401123e-01 1.879447221755981445e+00
1.328556388616561890e-01 1.882587313652038574e+00
1.343484073877334595e-01 1.885870695114135742e+00
1.358411610126495361e-01 1.889306783676147461e+00
1.373339146375656128e-01 1.892902970314025879e+00
1.388266831636428833e-01 1.896664023399353027e+00
1.403194367885589600e-01 1.900592565536499023e+00
1.418122053146362305e-01 1.904688239097595215e+00
1.433049589395523071e-01 1.908948183059692383e+00
1.447977125644683838e-01 1.913366556167602539e+00
1.462904810905456543e-01 1.917934536933898926e+00
1.477832347154617310e-01 1.922640085220336914e+00
1.492760032415390015e-01 1.927467465400695801e+00
