0.000000000000000000e+00 0.000000000000000000e+00
1.492760027758777142e-03 5.901301652193069458e-02
2.985520055517554283e-03 1.179480105638504028e-01
4.478279966861009598e-03 1.767279058694839478e-01
5.971040111035108566e-03 2.352763563394546509e-01
7.463799789547920227e-03 2.935178875923156738e-01
8.956559933722019196e-03 3.513781130313873291e-01
1.044932007789611816e-02 4.087839424610137939e-01
1.194208022207021713e-02 4.656637310981750488e-01
1.343484036624431610e-02 5.219475030899047852e-01
1.492759957909584045e-02 5.775669813156127930e-01
1.642036065459251404e-02 6.324559450149536133e-01
1.791311986744403839e-02 6.865503787994384766e-01
1.940587908029556274e-02 7.397882938385009766e-01
2.089864015579223633e-02 7.921105027198791504e-01
2.239139936864376068e-02 8.434600234031677246e-01
2.388416044414043427e-02 8.937829136848449707e-01
2.537691965699195862e-02 9.430277943611145020e-01
2.686968073248863220e-02 9.911463856697082520e-01
2.836243994534015656e-02 1.038093566894531250e+00
2.985519915819168091e-02 1.083827257156372070e+00
3.134796023368835449e-02 1.128308534622192383e+00
3.284072130918502808e-02 1.171502232551574707e+00
3.433347865939140320e-02 1.213376402854919434e+00
3.582623973488807678e-02 1.253902435302734375e+00
3.731900081038475037e-02 1.293055534362792969e+00
3.881175816059112549e-02 1.330814480781555176e+00
4.030451923608779907e-02 1.367161870002746582e+00
4.179728031158447266e-02 1.402083635330200195e+00
4.329004138708114624e-02 1.435569763183593750e+00
4.478279873728752136e-02 1.467613935470581055e+00
4.627555981278419495e-02 1.498213410377502441e+00
4.776832088828086853e-02 1.527369379997253418e+00
4.926107823848724365e-02 1.555086612701416016e+00
5.075383931398391724e-02 1.581373691558837891e+00
5.224660038948059082e-02 1.606242537498474121e+00
5.373936146497726440e-02 1.629709124565124512e+00
5.523211881518363953e-02 1.651792526245117188e+00
5.672487989068031311e-02 1.672515630722045898e+00
5.821764096617698669e-02 1.691904187202453613e+00
5.971039831638336182e-02 1.709987759590148926e+00
6.120315939188003540e-02 1.726798534393310547e+00
6.269592046737670898e-02 1.742372155189514160e+00
6.418868154287338257e-02 1.756746768951416016e+00
6.568144261837005615e-02 1.769963383674621582e+00
6.717420369386672974e-02 1.782065629959106445e+00
6.866695731878280640e-02 1.793099284172058105e+00
7.015971839427947998e-02 1.803112626075744629e+00
7.165247946977615356e-02 1.812155604362487793e+00
7.314524054527282715e-02 1.820279955863952637e+00
7.463800162076950073e-02 1.827539205551147461e+00
7.613076269626617432e-02 1.833987712860107422e+00
7.762351632118225098e-02 1.839681148529052734e+00
7.911627739667892456e-02 1.844675660133361816e+00
8.060903847217559814e-02 1.849028229713439941e+00
8.210179954767227173e-02 1.852795600891113281e+00
8.359456062316894531e-02 1.856034278869628906e+00
8.508732169866561890e-02 1.858800649642944336e+00
8.658008277416229248e-02 1.861149668693542480e+00
8.807283639907836914e-02 1.863135576248168945e+00
8.956559747457504272e-02 1.864810705184936523e+00
9.105835855007171631e-02 1.866225361824035645e+00
9.255111962556838989e-02 1.867427587509155273e+00
9.404388070106506348e-02 1.868462204933166504e+00
9.553664177656173706e-02 1.869371294975280762e+00
9.702940285205841064e-02 1.870192766189575195e+00
9.852215647697448730e-02 1.870960474014282227e+00
1.000149175524711609e-01 1.871703386306762695e+00
1.015076786279678345e-01 1.872445702552795410e+00
1.030004397034645081e-01 1.873205304145812988e+00
1.044932007789611816e-01 1.873994112014770508e+00
1.059859618544578552e-01 1.874817490577697754e+00
1.074787229299545288e-01 1.875672936439514160e+00
1.089714765548706055e-01 1.876550197601318359e+00
1.104642376303672791e-01 1.877430438995361328e+00
1.119569987058639526e-01 1.878285884857177734e+00
1.134497597813606262e-01 1.879078626632690430e+00
1.149425208568572998e-01 1.879760265350341797e+00
1.164352819323539734e-01 1.880271673202514648e+00
1.179280430078506470e-01 1.880541563034057617e+00
1.194207966327667236e-01 1.880486369132995605e+00
1.209135577082633972e-01 1.880009055137634277e+00
1.224063187837600708e-01 1.878998756408691406e+00
1.238990798592567444e-01 1.877330064773559570e+00
1.253918409347534180e-01 1.874861955642700195e+00
1.268845945596694946e-01 1.871436953544616699e+00
1.283773630857467651e-01 1.866881012916564941e+00
1.298701167106628418e-01 1.861001610755920410e+00
1.313628852367401123e-01 1.853587985038757324e+00
1.328556388616561890e-01 1.844409465789794922e+00
1.343484073877334595e-01 1.833215117454528809e+00
1.358411610126495361e-01 1.819732308387756348e+00
1.373339146375656128e-01 1.803666353225708008e+00
1.388266831636428833e-01 1.784699320793151855e+00
1.403194367885589600e-01 1.762489080429077148e+00
1.418122053146362305e-01 1.736667871475219727e+00
1.433049589395523071e-01 1.706842422485351562e+00
1.447977125644683838e-01 1.672591567039489746e+00
1.462904810905456543e-01 1.633466005325317383e+00
1.477832347154617310e-01 1.588987350463867188e+00
1.492760032415390015e-01 1.538646221160888672e+00
