0.000000000000000000e+00 0.000000000000000000e+00
1.592759974300861359e-03 4.717691615223884583e-02
3.185519948601722717e-03 9.433133155107498169e-02
4.778279922902584076e-03 1.414412409067153931e-01
6.371039897203445435e-03 1.884847432374954224e-01
7.963799871504306793e-03 2.354400306940078735e-01
9.556559845805168152e-03 2.822853922843933105e-01
1.114931982010602951e-02 3.289992511272430420e-01
1.274207979440689087e-02 3.755601644515991211e-01
1.433483976870775223e-02 4.219467043876647949e-01
1.592759974300861359e-02 4.681376814842224121e-01
1.752036064863204956e-02 5.141119360923767090e-01
1.911311969161033630e-02 5.598484873771667480e-01
2.070588059723377228e-02 6.053264141082763672e-01
2.229863964021205902e-02 6.505250930786132812e-01
2.389140054583549500e-02 6.954237818717956543e-01
2.548415958881378174e-02 7.400020360946655273e-01
2.707692049443721771e-02 7.842395305633544922e-01
2.866967953741550446e-02 8.281159996986389160e-01
3.026244044303894043e-02 8.716114163398742676e-01
3.185519948601722717e-02 9.147059321403503418e-01
3.344795852899551392e-02 9.573796391487121582e-01
3.504072129726409912e-02 9.996129274368286133e-01
3.663348034024238586e-02 1.041386365890502930e+00
3.822623938322067261e-02 1.082680583000183105e+00
3.981899842619895935e-02 1.123476505279541016e+00
4.141176119446754456e-02 1.163755059242248535e+00
4.300452023744583130e-02 1.203497290611267090e+00
4.459727928042411804e-02 1.242684602737426758e+00
4.619003832340240479e-02 1.281298518180847168e+00
4.778280109167098999e-02 1.319320559501647949e+00
4.937556013464927673e-02 1.356732487678527832e+00
5.096831917762756348e-02 1.393516421318054199e+00
5.256107822060585022e-02 1.429654479026794434e+00
5.415384098887443542e-02 1.465129017829895020e+00
5.574660003185272217e-02 1.499922394752502441e+00
5.733935907483100891e-02 1.534017324447631836e+00
5.893212184309959412e-02 1.567396879196166992e+00
6.052488088607788086e-02 1.600043773651123047e+00
6.211763992905616760e-02 1.631941437721252441e+00
6.371039897203445435e-02 1.663073182106018066e+00
6.530316174030303955e-02 1.693422794342041016e+00
6.689591705799102783e-02 1.722973823547363281e+00
6.848867982625961304e-02 1.751710295677185059e+00
7.008144259452819824e-02 1.779616594314575195e+00
7.167419791221618652e-02 1.806676983833312988e+00
7.326696068048477173e-02 1.832875847816467285e+00
7.485972344875335693e-02 1.858198285102844238e+00
7.645247876644134521e-02 1.882629036903381348e+00
7.804524153470993042e-02 1.906153321266174316e+00
7.963799685239791870e-02 1.928756713867187500e+00
8.123075962066650391e-02 1.950424551963806152e+00
8.282352238893508911e-02 1.971142649650573730e+00
8.441627770662307739e-02 1.990897297859191895e+00
8.600904047489166260e-02 2.009674310684204102e+00
8.760180324316024780e-02 2.027460575103759766e+00
8.919455856084823608e-02 2.044242382049560547e+00
9.078732132911682129e-02 2.060006856918334961e+00
9.238007664680480957e-02 2.074740886688232422e+00
9.397283941507339478e-02 2.088432073593139648e+00
9.556560218334197998e-02 2.101067543029785156e+00
9.715835750102996826e-02 2.112635374069213867e+00
9.875112026929855347e-02 2.123123407363891602e+00
1.003438830375671387e-01 2.132519960403442383e+00
1.019366383552551270e-01 2.140813589096069336e+00
1.035294011235237122e-01 2.147992610931396484e+00
1.051221564412117004e-01 2.154046297073364258e+00
1.067149192094802856e-01 2.158963680267333984e+00
1.083076819777488708e-01 2.162734031677246094e+00
1.099004372954368591e-01 2.165346860885620117e+00
1.114932000637054443e-01 2.166792392730712891e+00
1.130859628319740295e-01 2.167060613632202148e+00
1.146787181496620178e-01 2.166141748428344727e+00
1.162714809179306030e-01 2.164026498794555664e+00
1.178642436861991882e-01 2.160705804824829102e+00
1.194569990038871765e-01 2.156170368194580078e+00
1.210497617721557617e-01 2.150411844253540039e+00
1.226425170898437500e-01 2.143421649932861328e+00
1.242352798581123352e-01 2.135191679000854492e+00
1.258280426263809204e-01 2.125714063644409180e+00
1.274207979440689087e-01 2.114980936050415039e+00
1.290135532617568970e-01 2.102985143661499023e+00
1.306063234806060791e-01 2.089719533920288086e+00
1.321990787982940674e-01 2.075177192687988281e+00
1.337918341159820557e-01 2.059351444244384766e+00
1.353846043348312378e-01 2.042235851287841797e+00
1.369773596525192261e-01 2.023824214935302734e+00
1.385701149702072144e-01 2.004111289978027344e+00
1.401628851890563965e-01 1.983090758323669434e+00
1.417556405067443848e-01 1.960757851600646973e+00
1.433483958244323730e-01 1.937107324600219727e+00
1.449411660432815552e-01 1.912134528160095215e+00
1.465339213609695435e-01 1.885834813117980957e+00
1.481266766786575317e-01 1.858204245567321777e+00
1.497194468975067139e-01 1.829238533973693848e+00
1.513122022151947021e-01 1.798934340476989746e+00
1.529049575328826904e-01 1.767288208007812500e+00
1.544977128505706787e-01 1.734296917915344238e+00
1.560904830694198608e-01 1.699957847595214844e+00
1.576832383871078491e-01 1.664268255233764648e+00
1.592759937047958374e-01 1.627226114273071289e+00
