0.000000000000000000e+00 0.000000000000000000e+00
1.492760027758777142e-03 6.491588056087493896e-02
2.985520055517554283e-03 1.297537088394165039e-01
4.478279966861009598e-03 1.944364458322525024e-01
5.971040111035108566e-03 2.588877081871032715e-01
7.463799789547920227e-03 3.230321109294891357e-01
8.956559933722019196e-03 3.867952525615692139e-01
1.044932007789611816e-02 4.501040875911712646e-01
1.194208022207021713e-02 5.128869414329528809e-01
1.343484036624431610e-02 5.750738978385925293e-01
1.492759957909584045e-02 6.365966796875000000e-01
1.642036065459251404e-02 6.973891258239746094e-01
1.791311986744403839e-02 7.573871612548828125e-01
1.940587908029556274e-02 8.165289759635925293e-01
2.089864015579223633e-02 8.747552037239074707e-01
2.239139936864376068e-02 9.320090413093566895e-01
2.388416044414043427e-02 9.882364273071289062e-01
2.537691965699195862e-02 1.043386101722717285e+00
2.686968073248863220e-02 1.097409963607788086e+00
2.836243994534015656e-02 1.150262594223022461e+00
2.985519915819168091e-02 1.201902031898498535e+00
3.134796023368835449e-02 1.252289652824401855e+00
3.284072130918502808e-02 1.301390051841735840e+00
3.433347865939140320e-02 1.349171161651611328e+00
3.582623973488807678e-02 1.395604848861694336e+00
3.731900081038475037e-02 1.440665960311889648e+00
3.881175816059112549e-02 1.484333515167236328e+00
4.030451923608779907e-02 1.526589989662170410e+00
4.179728031158447266e-02 1.567421555519104004e+00
4.329004138708114624e-02 1.606817960739135742e+00
4.478279873728752136e-02 1.644773125648498535e+00
4.627555981278419495e-02 1.681284189224243164e+00
4.776832088828086853e-02 1.716352462768554688e+00
4.926107823848724365e-02 1.749982714653015137e+00
5.075383931398391724e-02 1.782183527946472168e+00
5.224660038948059082e-02 1.812967061996459961e+00
5.373936146497726440e-02 1.842348933219909668e+00
5.523211881518363953e-02 1.870348572731018066e+00
5.672487989068031311e-02 1.896988630294799805e+00
5.821764096617698669e-02 1.922295093536376953e+00
5.971039831638336182e-02 1.946297407150268555e+00
6.120315939188003540e-02 1.969027996063232422e+00
6.269592046737670898e-02 1.990522265434265137e+00
6.418868154287338257e-02 2.010818481445312500e+00
6.568144261837005615e-02 2.029957771301269531e+00
6.717420369386672974e-02 2.047983646392822266e+00
6.866695731878280640e-02 2.064942121505737305e+00
7.015971839427947998e-02 2.080881118774414062e+00
7.165247946977615356e-02 2.095850944519042969e+00
7.314524054527282715e-02 2.109903573989868164e+00
7.463800162076950073e-02 2.123091697692871094e+00
7.613076269626617432e-02 2.135470628738403320e+00
7.762351632118225098e-02 2.147095441818237305e+00
7.911627739667892456e-02 2.158022642135620117e+00
8.060903847217559814e-02 2.168309211730957031e+00
8.210179954767227173e-02 2.178011655807495117e+00
8.359456062316894531e-02 2.187186717987060547e+00
8.508732169866561890e-02 2.195890903472900391e+00
8.658008277416229248e-02 2.204179048538208008e+00
8.807283639907836914e-02 2.212105512619018555e+00
8.956559747457504272e-02 2.219722509384155273e+00
9.105835855007171631e-02 2.227080345153808594e+00
9.255111962556838989e-02 2.234227418899536133e+00
9.404388070106506348e-02 2.241208553314208984e+00
9.553664177656173706e-02 2.248065710067749023e+00
9.702940285205841064e-02 2.254836797714233398e+00
9.852215647697448730e-02 2.261555910110473633e+00
1.000149175524711609e-01 2.268251895904541016e+00
1.015076786279678345e-01 2.274949073791503906e+00
1.030004397034645081e-01 2.281665802001953125e+00
1.044932007789611816e-01 2.288413524627685547e+00
1.059859618544578552e-01 2.295197725296020508e+00
1.074787229299545288e-01 2.302016496658325195e+00
1.089714765548706055e-01 2.308859109878540039e+00
1.104642376303672791e-01 2.315707445144653320e+00
1.119569987058639526e-01 2.322533130645751953e+00
1.134497597813606262e-01 2.329298973083496094e+00
1.149425208568572998e-01 2.335956335067749023e+00
1.164352819323539734e-01 2.342446565628051758e+00
1.179280430078506470e-01 2.348698139190673828e+00
1.194207966327667236e-01 2.354628086090087891e+00
1.209135577082633972e-01 2.360139131546020508e+00
1.224063187837600708e-01 2.365120887756347656e+00
1.238990798592567444e-01 2.369448184967041016e+00
1.253918409347534180e-01 2.372980117797851562e+00
1.268845945596694946e-01 2.375559329986572266e+00
1.283773630857467651e-01 2.377012014389038086e+00
1.298701167106628418e-01 2.377146244049072266e+00
1.313628852367401123e-01 2.375751495361328125e+00
1.328556388616561890e-01 2.372596979141235352e+00
1.343484073877334595e-01 2.367432355880737305e+00
1.358411610126495361e-01 2.359985589981079102e+00
1.373339146375656128e-01 2.349961996078491211e+00
1.388266831636428833e-01 2.337044477462768555e+00
1.403194367885589600e-01 2.320890903472900391e+00
1.418122053146362305e-01 2.301134347915649414e+00
1.433049589395523071e-01 2.277381896972656250e+00
1.447977125644683838e-01 2.249213218688964844e+00
1.462904810905456543e-01 2.216179370880126953e+00
1.477832347154617310e-01 2.177802801132202148e+00
1.492760032415390015e-01 2.133574962615966797e+00
